L0,L1,R0,R1
398, 600, 334, 636
367, 588, 335, 588
393, 590, 367, 682
437, 682, 415, 754
405, 635, 379, 677
403, 672, 347, 623
378, 808, 343, 689
398, 748, 343, 682
379, 660, 343, 639
351, 659, 319, 570
370, 594, 323, 526
342, 549, 322, 511
370, 556, 298, 576
361, 697, 333, 734
435, 725, 337, 626
409, 657, 334, 787
361, 613, 358, 724
357, 649, 334, 634
377, 668, 311, 689
360, 639, 339, 628
381, 648, 349, 664
377, 606, 358, 600
381, 548, 330, 551
351, 548, 305, 563
339, 574, 323, 635
369, 583, 353, 585
435, 719, 353, 608
414, 661, 327, 548
378, 693, 328, 548
388, 636, 356, 597
371, 620, 335, 557
360, 557, 334, 499
348, 557, 319, 545
347, 502, 320, 528
351, 524, 296, 470
369, 531, 315, 538
361, 490, 350, 501
345, 441, 323, 447
386, 433, 303, 428
326, 476, 288, 518
335, 440, 310, 476
317, 436, 290, 473
316, 480, 309, 483
332, 502, 292, 479
340, 488, 305, 467
348, 508, 325, 475
330, 474, 305, 479
381, 518, 326, 535
364, 481, 315, 530
340, 460, 313, 544
343, 508, 552, 631
330, 512, 408, 587
364, 530, 349, 516
372, 531, 314, 459
354, 547, 303, 453
366, 800, 299, 510
348, 584, 299, 558
331, 562, 303, 599
324, 563, 308, 563
331, 516, 311, 543
346, 646, 340, 651
328, 710, 321, 703
348, 876, 334, 1075
377, 816, 366, 1003
365, 711, 348, 902
327, 629, 336, 782
348, 615, 306, 726
350, 561, 436, 645
365, 559, 339, 688
357, 683, 336, 625
352, 635, 324, 687
317, 647, 325, 673
375, 692, 323, 720
365, 732, 355, 792
334, 728, 366, 743
354, 652, 344, 652
339, 682, 313, 672
370, 670, 301, 609
375, 757, 337, 615
369, 729, 311, 672
376, 678, 295, 618
371, 607, 298, 583
351, 587, 333, 667
327, 806, 351, 836
343, 752, 327, 815
343, 806, 313, 856
350, 826, 339, 1025
380, 738, 363, 929
376, 762, 391, 905
377, 739, 419, 900
349, 690, 347, 796
345, 618, 311, 692
373, 640, 325, 780
373, 705, 321, 787
357, 645, 337, 825
331, 707, 322, 739
351, 707, 331, 758
366, 702, 315, 674
358, 636, 292, 589
342, 727, 292, 603
366, 671, 285, 542
378, 691, 329, 638
363, 787, 320, 655
362, 723, 297, 587
344, 639, 293, 717
342, 623, 320, 663
355, 683, 318, 684
340, 676, 323, 696
352, 672, 303, 768
356, 808, 338, 983
385, 739, 353, 1079
367, 653, 374, 972
375, 633, 371, 884
356, 571, 344, 763
334, 559, 309, 657
334, 607, 332, 857
345, 629, 326, 785
344, 581, 338, 761
332, 713, 318, 676
348, 672, 330, 716
355, 716, 359, 650
353, 757, 333, 640
372, 718, 324, 650
361, 912, 303, 711
397, 844, 482, 681
361, 910, 374, 727
354, 822, 324, 763
377, 817, 314, 683
364, 722, 305, 743
356, 635, 319, 677
353, 673, 316, 828
348, 672, 292, 792
343, 772, 324, 958
363, 755, 368, 1102
372, 673, 372, 996
350, 662, 372, 863
368, 641, 384, 923
348, 629, 356, 826
340, 595, 321, 814
322, 583, 323, 722
342, 530, 349, 814
345, 594, 347, 810
340, 677, 327, 741
352, 685, 341, 881
362, 658, 361, 803
353, 594, 339, 697
377, 766, 383, 611
359, 778, 309, 563
341, 751, 305, 623
347, 843, 301, 737
353, 775, 308, 773
363, 746, 322, 758
346, 650, 303, 674
322, 723, 301, 849
341, 762, 316, 787
380, 837, 363, 896
380, 821, 336, 1076
363, 724, 368, 976
356, 640, 361, 848
378, 635, 358, 903
383, 662, 350, 813
362, 601, 325, 709
358, 659, 325, 771
350, 647, 338, 695
356, 580, 359, 870
360, 719, 339, 798
348, 674, 330, 844
336, 603, 336, 852
338, 675, 332, 752
362, 643, 312, 652
365, 731, 336, 772
368, 689, 342, 766
365, 894, 335, 677
361, 849, 311, 698
357, 749, 307, 667
333, 699, 299, 657
333, 628, 334, 891
349, 832, 341, 899
356, 775, 317, 807
418, 893, 382, 1092
400, 814, 411, 1120
376, 710, 379, 987
372, 749, 423, 1154
377, 677, 391, 1036
354, 657, 362, 901
358, 752, 332, 872
346, 708, 336, 874
353, 622, 345, 794
329, 622, 361, 936
349, 673, 393, 852
340, 715, 364, 751
376, 722, 330, 650
352, 674, 322, 562
362, 596, 326, 616
347, 728, 326, 642
343, 714, 303, 602
373, 725, 307, 556
371, 699, 292, 612
353, 866, 329, 878
378, 803, 355, 822
410, 759, 335, 828
390, 769, 331, 835
357, 693, 306, 819
353, 666, 332, 775
377, 874, 361, 850
391, 814, 340, 974
359, 750, 336, 903
338, 690, 318, 1069
333, 615, 341, 963
354, 674, 353, 928
369, 646, 330, 816
340, 713, 347, 810
369, 652, 333, 787
353, 744, 329, 716
437, 829, 334, 784
417, 737, 353, 709
381, 653, 335, 682
356, 618, 304, 610
356, 608, 347, 592
358, 577, 331, 536
365, 603, 327, 556
364, 584, 328, 685
348, 743, 369, 819
347, 683, 349, 746
395, 1852, 322, 2104
781, 3646, 704, 3696
1381, 4005, 1343, 4015
2190, 4077, 2249, 4079
3154, 3681, 3185, 3593
3906, 3103, 3913, 3020
4057, 2592, 4058, 2516
4087, 2168, 4087, 2103
4093, 1815, 4090, 1751
4094, 1528, 4094, 1471
3858, 1625, 3799, 1407
4047, 1432, 4035, 1222
3830, 1556, 3770, 1446
4042, 1383, 4030, 1300
3760, 1292, 3658, 1368
4028, 1115, 3901, 1205
3692, 1475, 3401, 1141
3883, 1347, 3329, 987
3384, 1272, 2878, 1014
3074, 1106, 2437, 894
2615, 1144, 2037, 949
2191, 1010, 1864, 847
1825, 1166, 1580, 1662
2360, 1567, 2312, 1640
2132, 1860, 2125, 1925
2825, 2948, 2548, 2542
2554, 2784, 2262, 2442
2518, 3420, 2326, 2678
2182, 3036, 2028, 2520
2134, 3377, 1877, 2516
1873, 3118, 1649, 2428
1871, 3149, 1804, 2776
1731, 2830, 1718, 2548
1595, 3076, 1574, 2824
1532, 2696, 1564, 2552
1334, 3135, 1366, 2626
1419, 2780, 1370, 2281
1267, 3233, 1206, 2621
1251, 2877, 1216, 2361
1107, 3114, 1076, 2557
1143, 2742, 1075, 2236
1013, 2982, 951, 2661
1062, 2625, 1051, 2364
946, 3066, 946, 2564
1099, 2717, 1158, 2253
999, 3162, 932, 2703
1082, 3162, 1040, 2489
971, 2850, 931, 2989
865, 3846, 923, 3873
1225, 4045, 1307, 4050
2364, 4085, 2386, 4086
3077, 3699, 3202, 3664
3891, 3122, 3916, 3088
4054, 2619, 4059, 2583
4086, 2185, 4087, 2151
3856, 1827, 3817, 1796
4047, 1531, 4039, 1504
3845, 1547, 4083, 1715
4045, 1358, 4092, 1532
4085, 1388, 4094, 1526
4093, 1220, 4094, 1334
4094, 1368, 4094, 1283
4094, 1225, 3944, 1122
4012, 1269, 3798, 1302
3884, 1117, 3342, 1170
3357, 1113, 2806, 1006
3046, 975, 2386, 857
2644, 1173, 2008, 912
2184, 1075, 1809, 815
1816, 1550, 1537, 1681
2119, 1437, 1910, 1610
1884, 2740, 1719, 2414
2459, 2792, 2072, 2382
2225, 2992, 1856, 2746
2030, 2881, 1712, 2612
1724, 2660, 1460, 2876
1587, 3035, 1397, 2599
1363, 2693, 1207, 2746
1376, 2898, 1258, 2852
1260, 2546, 1166, 2564
1181, 3026, 1132, 2798
1130, 2698, 1168, 2452
986, 2954, 1036, 2651
1076, 2594, 1012, 2324
975, 3146, 889, 2964
1029, 2817, 965, 2669
910, 2881, 857, 2995
917, 2511, 931, 2644
821, 2814, 839, 2916
938, 2484, 910, 2572
863, 2905, 810, 2700
959, 2769, 902, 2356
861, 2841, 810, 2737
969, 2794, 930, 2633
876, 3831, 854, 3802
1152, 4042, 1065, 4036
1289, 4084, 1278, 4083
2436, 4092, 2429, 4085
3082, 3562, 3237, 3517
3892, 2987, 3923, 2937
4054, 2497, 4060, 2449
4086, 2083, 4088, 2044
3998, 1749, 4093, 1707
4075, 1472, 4094, 1433
4091, 1516, 4094, 1401
4094, 1335, 4094, 1229
4094, 1331, 4094, 1317
4094, 1169, 4094, 1164
4094, 1405, 4094, 1226
4094, 1261, 4025, 1083
4094, 1242, 3992, 1243
3945, 1092, 3444, 1233
3685, 1206, 2868, 1228
3171, 1074, 2412, 1069
2657, 1089, 2018, 1011
2207, 961, 1850, 879
1853, 1789, 1582, 1519
1685, 1696, 1682, 1424
1448, 3136, 1480, 2786
1964, 2948, 1936, 2631
1792, 3384, 1761, 3167
2014, 3003, 1959, 2819
1780, 3494, 1737, 3287
1757, 3470, 1633, 2909
1538, 3152, 1405, 3088
1378, 3626, 1213, 3087
1185, 3213, 1031, 2831
1153, 3536, 1048, 3118
1009, 3108, 924, 2746
1077, 3400, 997, 3154
957, 2992, 883, 2798
876, 3433, 839, 3021
777, 3043, 791, 2652
765, 3322, 743, 3055
746, 2916, 833, 2695
668, 3412, 758, 3157
803, 3040, 842, 2793
742, 3445, 760, 3189
895, 3041, 892, 2817
826, 3449, 811, 3265
856, 3052, 917, 2893
776, 2987, 841, 3325
1204, 3873, 1185, 3941
1382, 4050, 1456, 4030
2463, 3786, 2420, 3482
2949, 3230, 3113, 2915
3865, 2706, 3898, 2430
3981, 2254, 3931, 2025
4072, 1891, 4062, 1693
4090, 1593, 4088, 1420
4094, 1464, 4093, 1465
4094, 1256, 4094, 1289
4094, 1288, 4094, 1256
4094, 1133, 4094, 1092
4094, 1403, 4094, 1335
4094, 1281, 4094, 1210
4094, 1137, 4038, 1062
4094, 1148, 4032, 1104
4010, 1018, 3480, 980
3813, 1082, 2934, 1002
3253, 970, 2446, 891
2725, 1178, 2191, 1048
2270, 1068, 1918, 942
1898, 1684, 1617, 1662
1998, 1575, 1873, 1561
1662, 1387, 1667, 1349
2326, 1587, 2109, 1744
2138, 2874, 1904, 3136
1910, 2690, 1616, 2934
1630, 2671, 1358, 3056
1557, 2867, 1341, 2683
1356, 2815, 1169, 3287
1496, 2459, 1374, 2941
1335, 2074, 1228, 2485
1656, 2694, 1513, 2917
1495, 2516, 1363, 2588
1307, 2431, 1194, 2839
1115, 2534, 1010, 2491
1051, 2846, 1044, 3039
921, 2915, 926, 2749
891, 2670, 988, 3033
790, 2634, 877, 2666
838, 2274, 950, 2245
771, 2743, 880, 2871
679, 2456, 756, 2591
906, 2887, 948, 3175
852, 2589, 878, 2839
744, 2611, 766, 3039
916, 3284, 840, 3882
1567, 3932, 1521, 4052
2470, 4062, 2656, 4086
2462, 3751, 2618, 3704
2883, 3199, 3002, 3134
3852, 2667, 3876, 2609
4046, 2233, 4051, 2303
4085, 1865, 4086, 2009
4093, 1559, 4093, 1555
4094, 1558, 4094, 1387
4094, 1370, 4094, 1179
4094, 1395, 4094, 1570
4094, 1235, 4094, 1433
4094, 1351, 4094, 1455
4094, 1202, 4094, 1275
4094, 1123, 3979, 1223
4094, 976, 4031, 1063
4078, 1060, 3483, 1228
3968, 948, 3039, 1218
3411, 822, 2549, 1126
2855, 914, 2189, 1206
2375, 840, 1865, 1164
1983, 1286, 1685, 1447
2023, 1197, 1901, 1304
1774, 1764, 1689, 1927
2349, 2069, 2142, 1981
2247, 1921, 2078, 2073
2184, 2413, 1900, 2514
1881, 2230, 1617, 2113
1927, 2818, 1818, 2100
1694, 2540, 1618, 1829
1469, 2982, 1395, 2665
1247, 2654, 1182, 2439
1141, 2245, 1046, 2074
993, 2882, 899, 2623
922, 2602, 886, 2363
938, 2812, 962, 2496
823, 2467, 827, 2184
739, 2715, 740, 2576
975, 2399, 888, 2296
900, 2034, 803, 2329
886, 2671, 882, 2559
787, 2423, 845, 2253
838, 2815, 868, 2672
755, 2506, 772, 2377
741, 2805, 705, 2633
745, 2588, 758, 2323
662, 3793, 682, 3740
1607, 4034, 1610, 4024
2631, 4082, 2648, 4080
3067, 3642, 3367, 3580
3003, 3078, 3199, 3012
3876, 2573, 3915, 2508
4051, 2153, 4059, 2083
4086, 1799, 4087, 1743
4093, 1515, 4093, 1461
4094, 1519, 4094, 1420
4094, 1327, 4094, 1219
4094, 1338, 4094, 1487
4094, 1180, 4094, 1334
4094, 1473, 3738, 1385
4094, 1337, 3990, 1221
3954, 1160, 3475, 1157
4066, 991, 3463, 1009
3695, 1255, 2988, 1141
3360, 1139, 2660, 1022
2848, 1087, 2245, 1090
2388, 1182, 2147, 1202
2000, 1051, 1844, 1136
1931, 1063, 1981, 1070
1927, 2330, 1955, 1864
2168, 2230, 1987, 1755
2146, 2029, 1973, 2002
2094, 2900, 1775, 2369
2058, 2659, 1745, 2214
2160, 3251, 1923, 2558
1893, 2911, 1691, 2262
1607, 3116, 1436, 2590
1678, 2729, 1600, 2296
1478, 2427, 1417, 2338
1442, 2843, 1390, 2504
1254, 2528, 1224, 2342
1095, 2920, 1046, 2462
950, 2593, 892, 2225
899, 3017, 975, 2398
789, 2684, 871, 2104
697, 3162, 754, 2564
623, 2818, 653, 2290
592, 2385, 657, 2490
701, 2829, 724, 2798
642, 2529, 658, 2472
831, 2795, 809, 2622
767, 2472, 744, 2300
679, 3770, 650, 3736
750, 3913, 703, 4023
1699, 4058, 1696, 4080
2583, 4087, 2691, 4092
3435, 3679, 3743, 3627
3105, 3107, 3294, 3059
3897, 2602, 3934, 2546
4055, 2167, 4062, 2116
4087, 1822, 4088, 1766
4093, 1518, 4093, 1483
4094, 1635, 4094, 1378
4094, 1455, 4094, 1186
3834, 1636, 3766, 1438
4042, 1463, 4029, 1294
3752, 1479, 3676, 1456
4026, 1295, 3993, 1286
3668, 1120, 3497, 1104
3891, 950, 3472, 942
3383, 1331, 2988, 1075
3212, 1223, 2544, 967
2740, 1112, 2124, 1184
2296, 956, 2127, 1076
1924, 825, 1859, 928
2331, 1718, 2247, 1617
2147, 1650, 2055, 1522
2193, 2278, 2043, 2281
1905, 2698, 1770, 2099
2555, 2614, 2406, 2471
2350, 2726, 2193, 2509
2009, 2621, 1871, 2335
1709, 3273, 1566, 2882
1754, 2934, 1500, 2576
1534, 3274, 1390, 2940
1346, 2886, 1238, 2601
1338, 2711, 1271, 2501
1169, 3295, 1113, 3094
1007, 2939, 945, 2775
1207, 3210, 1143, 2935
1089, 2818, 1045, 2567
945, 2940, 905, 2824
987, 2567, 934, 2483
872, 2741, 833, 2738
891, 3173, 809, 2969
795, 2672, 714, 2757
774, 3200, 751, 2769
698, 2989, 673, 2813
831, 3335, 764, 3075
756, 2952, 845, 2699
698, 3866, 729, 3815
1390, 4049, 1400, 4039
2094, 4085, 2121, 4083
3302, 3686, 3473, 3627
3549, 3103, 3928, 3053
3985, 2603, 4061, 2559
4073, 2177, 4088, 2124
4090, 1821, 4093, 1776
4094, 1534, 4094, 1481
3854, 1614, 3807, 1641
4046, 1414, 4037, 1453
3829, 1645, 3769, 1671
4041, 1468, 4029, 1488
3801, 1455, 3657, 1516
4036, 1270, 3996, 1327
3680, 1261, 3498, 1134
3956, 1111, 3510, 958
3455, 1346, 3034, 1300
3285, 1224, 2612, 1192
2815, 1275, 2192, 1351
2368, 1122, 1871, 1198
1972, 1146, 1571, 1169
2333, 1270, 2238, 1336
2085, 1840, 2047, 1735
2269, 1702, 2017, 1576
2004, 2853, 1741, 2980
2869, 2647, 2605, 2803
2621, 2892, 2407, 2964
2232, 3484, 2043, 3868
1881, 3126, 1709, 3518
1697, 3330, 1801, 3804
1449, 3056, 1582, 3539
1305, 3100, 1340, 3148
1545, 3417, 1262, 3806
1669, 3009, 1497, 3390
1489, 2933, 1349, 2980
1266, 3359, 1151, 3440
1252, 2961, 1280, 3052
1095, 3230, 1146, 3484
996, 2833, 1131, 3142
1077, 2609, 1035, 2656
965, 3389, 915, 3464
978, 3065, 1119, 3120
880, 3515, 1011, 3523
1094, 3116, 1136, 3180
1030, 2631, 1136, 2698
890, 3363, 992, 3434
1060, 3948, 1038, 3962
1055, 4065, 1145, 4068
2129, 4089, 2181, 4089
3504, 3631, 3563, 3573
3976, 3051, 3988, 3005
4071, 2551, 4073, 2510
4090, 2127, 4090, 2086
4094, 1785, 4094, 1742
4094, 1505, 4094, 1460
3854, 1690, 3809, 1769
4046, 1503, 4037, 1597
3824, 1545, 3768, 1490
4040, 1345, 4029, 1282
3770, 1405, 3675, 1379
4030, 1237, 3935, 1227
3668, 1115, 3435, 1380
3840, 971, 3360, 1298
3351, 1083, 2884, 1373
3097, 976, 2440, 1209
2646, 1056, 2041, 1360
2212, 941, 1969, 1216
1861, 1403, 1693, 1677
2129, 1455, 1985, 1925
1893, 1674, 1765, 2346
2960, 1868, 2640, 2267
2744, 2380, 2426, 2809
2338, 2150, 2066, 2517
1966, 3000, 1729, 3229
2765, 2740, 2385, 2901
2330, 2845, 2173, 2919
1954, 3270, 1847, 3302
1640, 2908, 1555, 2916
1590, 3156, 1472, 3170
1375, 2801, 1284, 2876
1456, 3105, 1346, 2658
1396, 3252, 1342, 3081
1321, 2843, 1418, 2959
1147, 3107, 1257, 3320
1055, 3247, 1068, 3454
1210, 2987, 1235, 3005
1095, 2995, 1111, 3251
1019, 2597, 1103, 2847
1143, 2874, 1091, 2790
1036, 3044, 957, 3294
1049, 2653, 1100, 2931
927, 2919, 983, 3199
1164, 3858, 1301, 3915
1072, 4047, 1201, 4059
1548, 4085, 1596, 4087
2320, 3981, 2406, 3659
2661, 3423, 2821, 3080
3808, 2864, 3840, 2567
4037, 2396, 4044, 2143
4083, 2001, 4084, 1791
4092, 1678, 4092, 1773
4094, 1705, 4094, 1840
4094, 1493, 4094, 1612
4094, 1507, 4094, 1710
4094, 1323, 4094, 1511
4094, 1410, 4094, 1388
4094, 1240, 4094, 1201
4094, 1159, 3982, 1119
4094, 1199, 3918, 1107
3949, 1058, 3370, 1069
3777, 1161, 2978, 1341
3235, 1035, 2506, 1209
2711, 1050, 2087, 1282
2260, 927, 1927, 1140
1896, 1451, 1654, 1664
1744, 1359, 1635, 1582
1512, 2081, 1449, 2118
2137, 1955, 1806, 2206
1960, 1682, 1622, 2014
2400, 2362, 2146, 3056
2162, 2379, 1945, 2813
1850, 2783, 1709, 2585
1566, 3057, 1446, 3298
1859, 2695, 1769, 2971
1663, 2915, 1593, 3347
1419, 2867, 1357, 3083
1210, 3108, 1139, 2884
1275, 3167, 1234, 3307
1133, 2755, 1098, 2933
1297, 3209, 1234, 2792
1163, 3339, 1104, 3423
1209, 2912, 1250, 3055
1070, 3047, 1122, 3441
1298, 2652, 1282, 3029
1174, 2777, 1154, 2956
1012, 2989, 983, 3358
1044, 2621, 1066, 2969
932, 3125, 960, 3413
1262, 2786, 1248, 3029
1169, 2954, 1164, 3017
1058, 3866, 1076, 3879
2454, 4049, 2516, 4051
2544, 3687, 2651, 3601
3383, 3134, 3565, 3038
3952, 2614, 3989, 2527
3788, 2181, 4073, 2102
4033, 1834, 4090, 1755
4082, 1539, 4094, 1473
4092, 1785, 4094, 1661
4094, 1589, 4094, 1484
4094, 1776, 4094, 1669
4094, 1506, 4094, 1481
4094, 1487, 4094, 1486
4094, 1299, 4094, 1298
4094, 1137, 4052, 1169
4094, 1028, 4064, 1137
3982, 1211, 3498, 1091
3823, 1203, 3051, 1419
3276, 1067, 2559, 1295
2752, 1209, 2163, 1211
2290, 1086, 1831, 1282
1912, 1355, 1543, 1594
1856, 2210, 1784, 2202
1603, 2531, 1640, 2618
2134, 2247, 1926, 2330
1933, 2963, 1841, 2880
1925, 2686, 1594, 2768
1681, 2574, 1346, 2704
2137, 2875, 2020, 2816
1937, 2525, 1873, 2460
1654, 2777, 1597, 2714
1391, 3004, 1343, 3014
1723, 2628, 1614, 2654
1553, 3152, 1451, 3217
1331, 2813, 1249, 2868
1144, 3299, 1113, 2988
1288, 3268, 1329, 3017
1150, 2827, 1205, 2610
1188, 3095, 1188, 3014
1053, 3134, 1040, 3193
1035, 3266, 1032, 3281
952, 3253, 1021, 3055
1033, 2813, 1048, 2613
1245, 3225, 1250, 3137
1129, 3148, 1143, 3083
1027, 3905, 1056, 3892
1011, 3864, 1080, 3968
1820, 4048, 1930, 4069
2570, 3882, 2671, 3693
2692, 3335, 2807, 3129
2960, 2788, 3023, 2607
3868, 2328, 3880, 2177
4049, 1944, 4052, 1813
4085, 1871, 4086, 1813
4093, 1622, 4093, 1566
4094, 1614, 4094, 1563
4094, 1413, 4094, 1358
4094, 1539, 4094, 1580
4094, 1363, 4094, 1411
4094, 1480, 3950, 1540
4094, 1314, 4066, 1355
4094, 1294, 3675, 1159
4094, 1126, 3528, 1125
3874, 1197, 3021, 1257
3530, 1411, 2645, 1515
2990, 1275, 2218, 1359
2497, 1094, 2167, 1166
2086, 1064, 1867, 990
1909, 1303, 1896, 1211
1826, 1186, 1741, 1095
2043, 1468, 1838, 2038
2344, 1712, 2174, 2176
2082, 2497, 1953, 2976
1984, 2297, 1771, 2696
1711, 2198, 1511, 2288
1827, 2248, 1650, 3210
1611, 2383, 1465, 2930
1781, 2742, 1756, 2484
1583, 3225, 1567, 3288
1351, 2871, 1337, 2979
1151, 2561, 1130, 2627
1298, 2605, 1312, 3253
1158, 2259, 1178, 2905
1282, 2787, 1280, 2458
1144, 3009, 1148, 3011
988, 2644, 987, 2695
860, 2324, 951, 2295
1033, 2725, 941, 3249
938, 2428, 829, 2963
1029, 2058, 1004, 2515
924, 2683, 969, 2735
906, 2428, 890, 2405
1001, 2065, 1030, 2137
901, 3689, 1027, 3703
1026, 4013, 1051, 4016
2625, 4078, 2691, 4036
3789, 3596, 3814, 3491
3540, 3022, 3655, 2920
3984, 2538, 4007, 2430
4072, 2122, 4077, 2030
4090, 1786, 4091, 1704
4094, 1486, 4094, 1423
4094, 1414, 4094, 1556
4094, 1219, 4094, 1381
4094, 1423, 3942, 1584
4094, 1286, 4064, 1407
3915, 1577, 3691, 1617
4059, 1427, 4002, 1447
3731, 1230, 3494, 1348
4022, 1047, 3570, 1165
3579, 1025, 3088, 1058
3407, 1021, 2756, 1090
2915, 1041, 2325, 1150
2443, 928, 2098, 1025
2046, 872, 1779, 1025
2146, 1011, 2112, 1209
1965, 1537, 1990, 1465
2715, 2003, 2510, 2072
2480, 2660, 2358, 2650
2818, 3004, 2522, 2847
2502, 3551, 2206, 2811
2110, 3253, 1864, 2500
1778, 3506, 1566, 2738
1537, 3718, 1458, 3131
1788, 3244, 1735, 2830
1609, 3660, 1554, 2954
1452, 3227, 1322, 2576
1252, 3231, 1126, 3002
1347, 3487, 1310, 3086
1260, 3048, 1368, 2683
1102, 3022, 1206, 2991
953, 3632, 1038, 2991
1106, 3242, 1137, 2586
1006, 3511, 1016, 2959
922, 3067, 880, 2616
932, 3094, 964, 2624
871, 3463, 939, 2942
1136, 3056, 1174, 2598
1040, 3049, 1067, 2861
894, 3659, 923, 3156
1260, 4007, 1273, 3907
1694, 4077, 1773, 4057
2247, 4089, 2193, 3911
3277, 3533, 3515, 3347
3012, 2961, 3327, 2803
3878, 2473, 3941, 2322
4051, 2062, 4064, 1942
4086, 1739, 4088, 1625
4093, 1446, 4093, 1367
4094, 1549, 3801, 1420
4094, 1368, 4036, 1243
3839, 1596, 3738, 1519
4043, 1428, 4023, 1367
3751, 1618, 3674, 1313
4026, 1452, 3916, 1147
3632, 1496, 3418, 1347
3865, 1315, 3374, 1203
3384, 1292, 2910, 1067
3011, 1134, 2436, 915
2539, 1114, 2026, 1148
2127, 1054, 1874, 1046
1782, 918, 1607, 966
2216, 1092, 2055, 926
1990, 1870, 1848, 1774
2652, 1755, 2481, 1686
2413, 2630, 2257, 2848
2649, 3514, 2398, 3229
2337, 3182, 2108, 2855
1980, 3670, 1775, 3164
1816, 3370, 1645, 3001
1562, 3032, 1416, 2989
1327, 3722, 1196, 3235
1427, 3330, 1425, 2861
1333, 2890, 1325, 2936
1151, 3730, 1142, 3462
987, 3334, 970, 3122
1635, 3529, 1555, 3071
1560, 3074, 1502, 2651
1363, 2763, 1292, 2683
1158, 3460, 1108, 3001
990, 3105, 944, 2646
855, 3581, 809, 3004
943, 3176, 985, 2648
847, 2988, 901, 2756
1078, 3338, 1076, 2844
996, 2943, 978, 2472
880, 3864, 848, 3770
1126, 4048, 1114, 4030
1434, 4085, 1422, 4082
2308, 4093, 2365, 4092
3417, 3646, 3568, 3585
3959, 3071, 3989, 3009
4067, 2561, 4073, 2512
4089, 2143, 4090, 2094
4093, 1872, 4094, 1811
4094, 1576, 4094, 1523
3865, 1771, 3813, 1679
4049, 1575, 4038, 1475
3818, 1691, 3766, 1622
4039, 1501, 4029, 1438
3767, 1411, 3677, 1398
4029, 1216, 4009, 1205
3629, 1161, 3510, 1201
3889, 1009, 3372, 1053
3401, 1318, 2882, 1369
3153, 1209, 2473, 1257
2693, 1286, 2069, 1117
2256, 1146, 1830, 1005
1888, 1179, 1551, 1115
2142, 1048, 2016, 995
1906, 1134, 1820, 1313
2532, 1414, 2302, 1192
2300, 2483, 2076, 2493
2365, 2324, 2020, 2537
2057, 2216, 1750, 2376
2036, 2800, 1934, 2852
1764, 2524, 1715, 2546
1993, 2749, 1784, 2716
1770, 2421, 1558, 2370
1632, 2822, 1473, 2837
1604, 2510, 1435, 2525
1398, 2502, 1255, 2298
1182, 2617, 1059, 2605
1071, 2293, 981, 2445
936, 2602, 889, 2818
808, 2322, 769, 2498
816, 2730, 737, 2841
712, 2436, 722, 2508
639, 2768, 651, 2692
756, 2461, 723, 2360
700, 2318, 659, 2422
863, 2955, 746, 2661
787, 2663, 687, 2401
921, 3666, 849, 3565
1037, 4009, 1083, 3989
1275, 4077, 1285, 4073
2170, 4091, 2204, 4090
2967, 3687, 3135, 3578
3869, 3121, 3903, 2993
4049, 2616, 4056, 2497
4085, 2178, 4087, 2074
3949, 1821, 3803, 1736
4065, 1529, 4036, 1460
3836, 1592, 3777, 1406
4043, 1391, 4031, 1227
3834, 1554, 4082, 1509
4042, 1392, 4092, 1362
3761, 1631, 4094, 1617
4028, 1466, 4094, 1422
3639, 1261, 3771, 1221
3882, 1129, 3494, 1031
3398, 1405, 2969, 1095
3239, 1274, 2515, 963
2778, 1278, 2099, 983
2324, 1127, 1834, 879
1952, 1512, 1549, 1355
2158, 1396, 1990, 1263
1907, 1499, 1794, 1524
2219, 2161, 1897, 2176
1976, 1991, 1677, 2000