L0,L1,L2..L6,R0,R2..,R6
433,731,959,802,996,722,464,357,1622,1300,668,609,529,393
472,871,1211,762,877,676,472,389,1802,1127,627,539,515,368
439,799,1111,675,787,603,436,363,1732,1299,606,655,535,364
463,784,1043,649,692,611,435,377,1568,1159,578,651,507,380
425,800,1051,632,642,549,425,378,1741,1001,623,779,497,354
401,770,932,750,600,558,462,382,1597,888,645,743,474,350
422,850,813,698,540,512,422,414,1685,1154,757,666,484,366
398,820,762,796,604,493,436,412,1557,1050,693,576,478,345
398,823,809,731,558,498,411,387,1613,918,621,545,427,370
387,743,873,639,578,483,440,367,1417,1267,623,539,428,353
383,839,851,674,530,519,411,337,1598,1164,562,483,437,347
365,884,850,643,562,508,394,345,1678,1101,546,471,428,345
397,968,1031,666,552,492,423,365,1598,977,608,529,416,351
401,908,1115,675,587,507,400,374,1711,1325,754,478,434,362
414,796,1125,643,587,469,393,380,1635,1222,694,482,409,333
462,913,1081,711,532,509,397,431,1759,1061,616,483,407,344
438,829,1062,662,519,473,398,405,1634,905,600,443,400,352
455,840,1087,642,559,501,450,405,1782,1281,707,424,418,397
432,867,991,575,545,489,419,368,1676,1187,652,412,429,385
416,864,884,630,554,452,391,414,1804,1137,673,397,425,347
384,866,914,582,533,471,395,377,1588,1093,648,463,412,325
440,859,844,626,520,440,402,392,1856,955,571,431,376,324
412,860,752,681,496,441,376,356,1803,986,511,390,392,329
444,771,683,646,476,446,398,384,1550,895,743,450,401,338
415,821,960,674,498,442,407,418,1765,1170,703,443,395,338
419,811,896,642,462,434,408,389,1572,1069,624,442,375,318
428,972,1048,615,558,430,376,420,1696,1083,568,427,380,330
403,892,1197,571,526,457,377,384,1503,958,597,420,406,346
388,901,1334,709,545,455,386,353,1643,1274,628,412,412,329
416,809,1197,663,499,446,390,361,1450,1276,658,479,432,305
393,938,1122,591,506,456,362,351,1567,1312,592,454,397,310
413,916,1086,639,480,428,380,346,1667,1168,578,415,392,302
423,1251,1761,1662,2658,2004,788,388,1694,1453,1829,2695,1884,704
955,3307,1937,1618,2635,1992,777,802,3287,1484,1813,2675,1883,696
1265,3200,1719,1409,2298,1744,692,1126,3096,1359,1561,2336,1637,623
1963,2750,1462,1199,2017,1482,611,2042,2643,1324,1324,1966,1388,551
2907,2311,1242,1424,1981,1331,539,3045,2220,1537,1266,1942,1181,490
2675,1967,1194,1752,1971,1155,486,2789,1865,1770,1248,1898,1037,435
3172,2235,1643,1947,2097,1168,456,3119,1792,2270,1515,1927,1065,387
2826,2555,2296,2168,2109,1209,427,2755,1901,3144,1508,1763,1064,351
2389,2267,2088,2381,2317,1141,447,2315,1671,3752,1702,1987,1024,384
2015,2023,1795,2101,2107,1115,423,1928,1535,4022,1524,1798,944,360
2345,1973,1645,1961,1802,982,428,2356,1316,3514,1636,1535,822,397
2338,2176,2543,2817,1514,849,425,2617,1431,2950,2088,1296,707,365
3159,1927,2347,3271,1486,847,425,3181,1269,2459,2308,1348,684,363
3907,1686,2731,3221,1299,755,401,3912,1085,3165,2096,1184,606,340
3931,1426,3361,2975,1193,854,534,3757,1047,3841,2133,1074,706,519
3690,1690,3010,2533,1369,781,514,3212,1370,4036,1953,1098,646,507
3149,1910,2801,2218,1234,728,471,2683,1570,4083,1669,972,638,487
2825,1702,2338,2183,1062,699,426,2236,1402,4003,1410,898,566,439
2237,1862,2099,2326,966,691,495,1862,1254,3440,1556,794,554,461
2327,1648,2684,2533,882,640,467,2086,1081,2881,1383,769,524,421
2039,2070,2864,2701,904,634,428,1836,1294,3355,1736,793,518,383
2323,1870,2478,2452,807,638,470,2176,1176,3431,1562,773,620,455
2068,1650,2806,2238,719,642,502,1952,1282,3936,1580,757,582,487
2035,1400,2484,2862,893,649,451,1851,1135,3719,1426,674,537,447
1766,1380,2711,2581,874,589,423,1599,1359,3645,1371,627,524,401
1495,1373,3283,2473,919,578,414,1343,1220,3171,1508,642,546,369
1268,1374,2742,2703,825,564,389,1135,1258,2768,1510,679,502,333
1076,1486,2572,2378,795,577,417,1055,1104,2336,1550,622,527,346
917,1372,2372,2672,963,550,423,915,1043,1958,2327,933,507,374
811,1242,2328,2471,893,561,392,1043,892,2304,2150,879,491,357
704,1341,2012,2423,816,534,396,937,921,2720,1838,770,457,354
876,1189,1885,2463,718,526,379,1049,827,2422,1542,668,449,328
805,1139,1627,2300,692,486,366,931,795,2048,1378,588,438,340
1090,1112,1368,1972,673,526,385,859,779,1724,1174,570,476,336
998,1095,1782,1665,632,718,365,744,893,1740,1394,584,454,317
1334,1019,1625,1409,565,550,389,944,836,1515,1252,525,403,325
1222,1179,1901,1567,647,476,372,867,812,1459,1074,513,399,321
1525,1118,1699,1400,602,484,376,1164,976,1270,917,485,387,331
1549,1210,1457,1200,591,468,396,1182,986,1327,1131,533,397,313
1718,1278,1426,1072,668,757,1264,1281,934,1164,1025,565,533,808
1987,1370,1787,1648,845,793,1254,1345,1179,1505,1226,704,958,806
1769,1463,1620,1957,1288,1262,1101,1244,1075,1555,1748,1260,1485,722
1954,1296,1443,2397,2659,1744,951,1544,934,1359,1807,2524,2022,635
1733,2316,1802,2525,2533,1606,818,1413,1412,1867,1622,2388,1793,549
2577,2164,2332,2987,2684,1885,711,2194,1203,2125,1933,2675,1821,490
2376,2415,2117,3409,2953,1869,623,2032,1541,1895,2499,2651,1762,483
2736,2137,2344,3229,2598,1692,583,2217,1406,2139,2280,2440,1721,523
2428,2210,2997,2784,2573,1458,549,1946,1595,2525,1971,2326,1493,506
2536,1930,2697,2655,2227,1523,612,1954,1431,2738,2350,1996,1400,522
2547,2198,2500,2923,2137,1782,604,1964,1387,2412,2709,2129,1573,548
2378,2289,2136,3520,2326,1692,656,1781,1218,2753,2409,1886,1493,626
2442,2001,2539,3980,2232,1460,632,1710,1038,2487,2444,1900,1294,569
2130,2039,2579,3676,1925,1266,616,1478,962,2119,2737,1704,1226,510
1986,1867,2244,4011,1625,1320,576,1383,837,1783,2401,1444,1465,574
1707,1797,3193,4078,1598,1462,648,1197,961,2476,2024,1254,1629,618
1905,1851,2903,4091,1394,1670,640,1492,945,2297,2239,1132,1897,559
1939,1726,2481,3847,1195,1684,571,1554,1159,2643,1982,1013,1769,544
2123,1484,2085,4045,1279,1530,619,1796,1039,3185,2185,1046,1465,519
2409,1558,1734,3938,1174,1434,567,2147,1117,3397,1930,988,1313,505
2138,1379,1945,3980,1040,1564,632,1959,1303,2967,2107,933,1446,581
2251,1609,1829,4072,1225,1600,621,2019,1167,2487,1955,921,1281,577
1959,1528,2171,3675,1129,1438,605,1713,1248,2174,1891,1027,1473,487
1664,1456,2083,3631,1403,1508,592,1440,1107,1766,2815,1231,1321,528
1404,1341,2319,3830,1304,1583,624,1212,948,2043,2583,1119,1176,491
1188,1525,2051,3343,1418,1401,572,1028,1262,1823,2202,1007,1275,489
1008,1361,1863,3292,1457,1576,640,880,1310,2030,1856,1063,1246,489
867,1187,1736,2935,1288,1438,629,876,1467,2026,1549,949,1209,525
751,1451,2456,2582,1356,1239,605,773,1306,2298,1660,1057,1082,483
656,1319,2252,2439,1307,1230,584,747,1294,2301,1962,949,1126,542
612,1810,2657,2097,1157,1079,556,651,1172,2002,1760,824,1166,511
782,1665,2371,1767,996,1450,572,735,1189,1690,1500,783,1226,536
766,1479,2071,2548,1194,1334,557,666,1781,1963,1415,756,1259,482
826,1539,1752,2333,1088,1390,572,671,1510,1743,1418,906,1192,456
767,1355,1641,2249,944,1320,604,632,1536,1487,1837,790,1163,473
1213,1399,1414,1928,816,1143,597,782,1469,1359,1668,688,1054,505
1140,1520,1641,1639,743,1265,573,718,1618,1623,1658,604,940,460
1256,2030,2137,2293,2769,2635,1688,830,1526,1698,1840,2532,3464,2181
1134,1849,2505,2409,2735,2677,2547,752,1399,2199,2412,2504,3724,2609
1216,1568,2231,2445,2361,2325,2351,744,1192,1983,2187,2236,3251,2342
1098,1359,1839,3045,3746,2616,2007,704,1158,1696,2183,3723,3290,2502
1130,1799,1702,2736,3477,2421,1695,701,1201,1936,2583,3670,2838,2194
1003,1647,1467,2322,2962,2594,1430,615,1433,1721,2303,3162,2494,1854
1112,1593,1271,2235,2478,2303,1211,628,1645,1721,2091,2646,2246,1669
1058,1674,1513,2355,2066,2214,1031,616,1644,2482,2074,2336,2044,1433
948,1743,2291,2266,1730,2126,943,565,1672,2269,1800,1977,1739,1213
827,1536,2112,3470,1466,1837,828,505,1704,2062,2032,1656,1587,1031
722,1600,1872,3708,1650,1620,838,591,1989,1755,1942,1396,1368,884
698,1760,1595,4017,1661,1776,742,551,1890,2603,2375,1184,1282,753
622,1569,1613,4079,1605,1580,835,565,1814,2612,2525,1163,1326,901
710,1642,1699,4030,1507,1619,764,539,1624,2572,2699,1014,1170,774
672,1648,1488,4082,1339,1425,728,527,1634,2750,2374,1044,1145,671
739,1901,2046,3894,1328,1443,705,519,1690,2998,1991,1124,1003,580
668,1696,2284,4054,1244,1270,661,477,1633,2799,2166,1112,856,516
684,1857,2476,4086,1368,1382,686,444,1633,2423,2970,996,1068,602
619,1644,2183,3968,1227,1234,723,452,1950,2222,2798,1023,958,626
789,1647,2519,3406,1110,1060,647,576,1745,2139,2391,1029,857,563
732,1521,2238,3957,1131,1060,613,545,2016,1847,2002,985,828,555
704,1501,2246,4067,1099,991,548,481,1791,2092,1906,873,847,536
703,1618,2446,4089,1095,957,605,466,2043,2732,2234,1020,835,531
680,1508,3242,4093,1099,849,561,495,1839,3196,2353,929,746,524
605,1537,3142,3773,2442,1696,563,503,1879,3915,2231,2641,1639,550
576,1353,2703,3434,2405,1708,513,733,2354,4059,2281,2569,1587,553
1605,1204,2274,3481,2710,1680,608,1476,2121,3795,2169,2902,1520,540
1665,1184,2232,3803,2412,1463,578,1648,2017,3232,2688,2568,1316,486
2920,1178,1932,4036,2641,1362,512,2687,2045,2698,2407,2472,1282,451
2730,1328,2791,4026,2365,1402,519,2491,2312,2982,2034,2288,1201,500
2961,1192,2559,3608,2568,1238,512,2567,2463,3636,2102,2551,1046,468
2597,1296,2372,3669,2292,1056,472,2223,2445,4003,2117,2249,1002,473
2873,1158,2656,3163,1944,911,502,2223,2645,4076,2692,1908,878,492
2532,1098,2511,2813,1680,808,477,1923,2319,4072,2512,1626,790,504
2522,966,2859,2999,1423,884,485,1742,2503,4090,2140,1374,745,464
2507,1162,2535,3016,1273,821,506,1654,2488,4094,2367,1251,655,450
2261,1208,2569,3546,1388,778,469,1507,2152,4094,2353,1179,694,405
2323,1061,2235,3439,1239,737,489,1647,2310,4094,2028,1036,621,426
2028,1184,2878,3719,1459,733,452,1463,2054,4017,1718,882,709,440
1811,1061,2599,3843,1350,1293,2292,1478,2254,3842,2266,900,892,1520
1543,1148,2208,3486,1169,1257,2296,1288,1992,3390,2242,1029,1103,1504
1598,1090,2221,3553,1004,1100,1988,1185,2080,2854,2511,934,1011,1312
1450,1136,2569,3968,958,947,1687,1073,1820,2564,3161,835,873,1120
1372,1140,2286,4069,1017,872,1429,1025,2039,2223,2941,823,847,949
1260,1168,2278,3555,997,816,1209,893,1812,2624,2500,811,736,816
1086,1172,2218,2985,883,814,1028,767,1930,2429,2099,748,696,704
1019,1178,2098,2582,835,730,884,666,2092,2331,1841,787,619,613
890,1060,1800,2961,829,686,766,579,1849,2803,2265,735,599,537
828,1097,1531,2998,766,645,670,508,2110,2594,2394,736,611,474
852,1070,1297,3192,873,591,590,490,1950,2262,2408,728,547,429
820,1138,1405,3354,805,650,523,494,2078,1900,2608,879,546,389
930,1205,2229,3238,809,620,469,446,1860,1603,2293,799,564,380
840,1343,3044,3216,841,706,463,475,1967,2815,2591,839,586,393
973,1407,2768,2768,794,650,452,440,1731,3519,2441,752,550,411
884,1331,2357,2833,859,686,444,572,2085,3979,2881,708,641,398
936,1314,1972,2645,775,627,455,556,2096,3971,2571,748,593,396
835,1189,1663,3048,733,604,480,508,1819,3422,2173,670,530,376
844,1281,1433,3885,866,612,444,632,1907,2862,1818,652,546,384
752,1258,1507,4053,838,599,447,586,1768,2629,2089,878,525,391
903,1357,2012,3633,798,595,438,654,1732,2235,1861,805,524,382
965,1209,2109,3962,845,635,451,601,1990,1996,1577,697,496,376
989,1290,1968,3771,884,590,452,725,1775,2657,1745,609,536,399
1035,1250,2206,3226,2528,1741,519,672,1655,3077,1633,2327,1595,475
925,1269,2330,2929,2468,1709,534,672,1420,2733,1376,2302,1560,455
1769,1836,2327,2997,2721,1758,563,1467,1488,2311,1301,2536,1561,455
1833,2269,2114,2946,2405,1542,515,1559,1583,1967,1981,2241,1365,415
3013,2213,2469,3722,2817,1521,532,2493,1390,2559,2366,2738,1399,451
2797,2475,2289,3348,2524,1329,491,2319,1356,2716,2116,2446,1313,425
2962,2189,2019,3125,2782,1326,489,2571,1191,2972,1799,2282,1133,385
2588,2247,2551,3901,2462,1161,453,2266,1163,3641,1904,1966,967,403
2897,1963,2389,4056,2083,997,453,2389,1020,3244,2485,1793,878,398
2559,2167,1976,4087,1756,865,461,2099,1123,2747,2415,1633,770,387
2587,1919,1656,4093,1479,761,459,2023,1050,2336,2705,1536,707,395
2467,1999,1632,4094,1346,701,451,1977,1284,1916,2776,1478,632,377
2352,1751,2130,3778,1298,705,427,1757,1366,2596,2657,1283,647,426
2544,1837,1938,3211,1173,649,427,1919,1418,2729,2283,1211,584,394
2235,2771,1754,3303,3472,1888,788,1697,2227,2594,1920,3337,1842,767
2508,2949,2235,3507,3380,1852,768,2275,2499,2816,1683,3232,1806,751
2486,2574,2364,3353,2912,1607,678,2487,2211,2909,1777,2781,1566,658
2674,2178,2070,3181,2433,1367,600,2654,1867,2529,1773,2328,1337,578
2606,1826,2310,3659,2042,1161,536,2803,1567,2130,2150,1947,1134,518
3797,1539,2295,3242,1710,993,480,3836,1323,2299,2358,1621,965,454
3493,1299,2371,2903,1445,853,428,3828,1110,2523,2074,1372,830,403
3115,1105,2075,3094,1346,740,394,3398,944,2298,1758,1152,717,368
2628,962,1758,3190,1065,646,398,2862,1001,1965,1632,980,621,337
2203,978,1649,3531,896,626,394,2389,967,1657,1882,837,541,309
1842,869,1428,3366,774,655,391,1985,1069,1917,1679,727,529,325
2365,758,1217,2954,740,684,388,2597,965,2204,1696,631,536,333
2185,877,1172,3802,777,644,400,2349,1133,2004,2651,611,516,319
3429,797,1314,3514,756,648,403,3297,1019,1704,2623,555,492,312
3174,705,1230,2996,694,615,433,3003,1037,1443,2128,544,478,323
2894,614,1381,2584,678,583,405,2731,921,1560,1767,576,494,333
2458,672,1773,3242,705,572,405,2314,861,1827,1476,663,477,319
2057,741,1611,3234,720,573,405,1935,1015,1624,1368,614,445,323
1728,969,1821,3107,787,576,404,1625,999,1385,1588,570,425,331
1672,889,1623,2670,721,574,387,1485,871,1174,1561,571,426,350
1454,865,1391,2845,703,545,391,1274,877,997,1609,512,406,326
2034,768,1455,2497,667,531,391,1843,801,873,1921,516,433,342
1980,776,1512,2109,599,484,374,1685,949,987,1725,493,403,326
2135,694,1335,1787,557,514,379,1829,881,1231,1477,505,416,301
1879,721,1170,1499,525,471,359,1613,974,1127,1297,461,435,303
1722,649,1026,1590,529,483,355,1373,878,974,1118,418,422,312
1476,775,888,1863,581,436,383,1163,1060,1138,1294,517,556,321
1297,715,826,1672,541,468,363,1072,1084,1183,1361,467,444,306
1287,756,847,1702,531,437,387,1059,1138,1047,1201,455,396,318
1202,710,825,2131,574,482,367,1188,1094,899,1024,440,396,310
1265,675,869,1924,533,448,368,1168,1166,871,1410,472,397,319
1123,620,935,1632,509,424,371,1207,1037,766,1394,501,393,304
1032,767,1127,1534,513,427,371,1218,1181,1306,1213,466,393,307
978,721,1027,1443,520,445,367,1119,1113,1177,1389,482,410,313
970,767,896,1491,537,437,376,1095,1127,1316,1252,470,380,337
941,697,892,1312,495,445,371,1015,1031,1177,1202,430,412,321
957,668,896,1231,468,439,367,971,1023,1101,1250,480,410,323
937,685,799,1171,470,446,403,890,949,1032,1128,453,379,318
1023,618,782,1199,471,454,427,948,1026,1103,979,422,412,358
990,560,934,1107,569,829,1290,963,978,1283,839,476,615,826
1169,581,854,1447,537,809,1277,1178,995,1275,746,462,593,816
1150,581,750,1459,569,719,1121,1117,983,1127,836,422,531,722
1374,635,812,1678,548,634,965,1301,1050,961,765,503,519,631
1254,685,879,1794,549,574,835,1172,999,1018,801,498,538,555
1318,689,853,1853,573,522,723,1118,1128,935,864,510,495,487
1169,620,760,1634,525,578,635,973,1010,870,909,460,512,439
1167,625,1060,1396,498,538,561,951,1254,758,876,484,457,399
1036,573,994,1189,453,482,501,844,1282,759,1273,529,465,355
1208,701,956,1015,524,490,450,1120,1183,933,1331,513,429,334
1088,659,969,1087,508,466,411,1029,1207,854,1178,521,468,335
1320,647,849,1191,522,500,376,1183,1074,1005,1006,591,438,320
1197,616,748,1202,594,532,375,1067,1175,913,1218,663,486,346
1321,602,656,1191,630,517,367,1068,1182,789,1170,611,456,330
1181,574,747,1048,629,561,383,944,1246,909,963,611,528,513
1187,665,711,1182,572,540,387,1012,1252,829,857,547,522,401
1050,623,900,1207,661,567,393,905,1284,789,737,553,525,359
1045,574,835,1295,676,612,403,960,1129,1069,766,562,492,362
988,622,811,1515,664,566,407,856,1227,990,677,575,500,340
1001,570,720,1365,684,530,410,940,1094,1031,787,587,478,313
891,586,733,1173,698,586,406,841,1159,1175,887,587,509,318
1000,537,749,1033,704,542,386,956,1062,1056,830,577,469,330
904,588,774,1125,637,527,374,864,1165,1096,802,537,465,365
996,543,698,1011,599,489,379,929,1094,967,735,565,415,339
901,607,652,1178,700,532,384,828,1146,1143,732,519,411,323
861,563,618,1171,723,496,376,827,1165,1013,817,520,396,327
761,587,551,1032,676,540,390,734,1163,897,734,504,488,335
705,641,722,1056,602,503,398,683,1238,867,902,473,432,327
627,587,676,1080,534,455,401,603,1314,1252,1020,480,395,309
719,666,606,1098,536,446,397,615,1278,1168,917,431,399,338
660,629,614,975,490,468,374,560,1307,1036,795,426,367,325
744,569,644,1075,504,445,390,584,1316,1129,691,414,362,328
686,681,624,1103,520,417,370,535,1376,1013,719,454,383,328
698,633,611,1055,503,429,390,499,1416,877,648,431,376,330
634,760,597,929,471,424,398,468,1433,913,821,427,444,342
623,757,705,823,475,440,373,588,1457,1201,768,392,458,318
568,680,749,762,439,478,413,552,1452,1104,796,430,494,373
508,705,2237,1842,2287,2646,1357,648,1258,2261,1483,2723,3136,1908
455,740,2204,2138,2297,2646,2329,600,1214,2525,1786,2733,3512,2341
535,993,1917,1903,2350,2302,2183,552,2014,2226,1611,2695,3368,2381
501,1121,1818,1980,3746,2618,1933,488,2269,3188,1969,3815,2970,2406
543,1011,1611,2024,3723,2325,1644,602,2020,3160,2284,3701,2511,2084
504,878,1551,1772,3207,2359,1391,558,1868,3263,2036,3183,2325,1754
533,940,1586,2474,2695,2320,1183,538,1826,2831,2054,2659,1980,1565
493,1212,1936,2266,2257,2242,1006,563,1894,3842,1838,2721,1916,1341
487,1509,2378,2226,1884,1983,1009,539,1846,3624,1562,2369,1812,1130
545,1681,2803,1931,1587,1693,896,486,1803,4000,1630,1994,1564,964
692,1748,2496,2231,1830,1648,852,613,2187,4076,1569,1675,1367,820
645,1759,3118,2364,1635,1854,783,573,1964,4091,1685,1403,1361,708
673,1821,3495,2234,1401,1652,822,557,1828,4094,1763,1195,1281,744
677,1591,3889,2169,1534,1532,751,549,1665,3719,1695,1007,1211,673
613,1363,4053,2097,1371,1326,763,497,1349,3146,1837,947,1138,637
565,1499,3781,2637,1298,1413,727,553,1462,3587,1979,1052,1044,565
614,1431,3233,2621,1131,1336,647,553,1494,3179,2267,1013,912,564
562,1391,3324,2407,1099,1371,620,500,1616,3203,2496,1140,1000,562
570,1384,3473,2458,1063,1211,620,466,1901,3154,2206,1102,972,589
520,1206,3092,3570,1109,1081,664,419,1903,3578,2463,1047,863,541
499,1182,2875,3268,1275,969,638,411,1655,3723,2212,986,739,590
521,1370,2927,2780,1149,838,572,459,1871,3238,1883,865,775,545
522,1236,2911,2958,1199,831,573,420,1713,2719,2048,837,772,537
502,1065,2656,3279,1063,764,579,456,1519,2267,2376,913,716,544
458,1047,3230,2895,1158,744,529,432,1935,2703,2109,945,668,490
466,925,3479,2515,1039,743,510,410,1906,3816,2002,929,681,462
433,987,3636,2345,900,699,551,470,1976,3728,1725,823,653,454
510,930,3167,2021,833,739,541,456,2022,4021,2051,806,693,465
503,882,2663,1884,737,675,526,578,1951,4080,1836,750,654,451
467,1395,3559,1777,819,692,514,554,1667,4092,1565,876,646,491
548,1823,3987,2053,784,702,502,526,2373,4094,1602,794,654,452
623,1866,3932,2119,858,679,501,521,2506,4094,1709,763,685,507
607,2082,3384,1864,862,648,477,509,2414,3963,1505,754,649,463
547,2028,2838,1742,802,634,481,460,2316,3830,1693,871,621,457
570,2120,2370,1818,863,665,443,584,2103,3294,1705,798,589,441
653,2248,2481,1857,779,704,488,700,2577,3934,1495,749,629,470
595,2240,2870,2085,827,644,447,644,2448,4062,1607,722,581,434
535,2171,2550,1900,797,676,480,634,2387,3802,1413,742,589,429
573,1958,2160,1967,943,644,509,549,2058,3336,1536,702,585,445
533,1842,1937,1949,943,1198,2219,592,1733,3661,1431,739,909,1613
540,1610,2293,1760,838,1136,2210,545,1456,3221,1447,721,978,1530
679,1765,2304,2051,875,1071,1910,482,1304,2705,1407,760,1136,1322
647,1941,2127,1739,784,1464,1621,478,1145,2254,1418,733,1503,1129
575,2275,2152,1832,872,1348,1372,510,1601,1886,1278,729,1375,965
551,2334,2906,1614,922,1170,1168,520,1861,1852,1097,653,1211,831
625,2453,2642,1754,827,1126,996,476,1777,1609,1349,597,1099,711
649,2312,2250,1847,906,1027,856,734,1588,1972,1285,585,1071,616
588,2532,1890,1862,815,1144,740,694,1912,2126,1482,577,1219,586
525,2480,1719,1627,805,1204,688,653,2456,2850,1640,661,1231,600
547,2148,2845,1667,913,1270,616,713,2208,2588,1452,601,1358,543
495,2353,3235,1978,832,1318,595,641,2103,2374,1920,741,1414,540
736,2371,2866,1842,734,1207,690,675,2014,2450,1742,713,1239,584
748,2469,2682,1649,778,1227,673,629,2354,2624,1551,698,1308,582
748,2163,2444,1812,746,1115,607,708,2093,2388,1424,958,1232,571
672,1828,2338,1611,774,991,616,676,1777,2264,1404,894,1141,551
576,1537,2476,1375,699,941,638,685,2173,2472,1482,786,985,579
541,1718,2174,1463,753,1013,585,637,1955,2574,1697,675,1028,568
509,1801,1930,1620,909,1017,800,605,1809,2460,1545,671,1079,672
617,2223,2256,1446,717,1088,750,533,1897,2120,1329,805,1083,616
666,2003,2275,2085,791,1101,670,589,1800,1878,1401,733,1087,557
618,1707,2316,1913,721,1097,743,533,1548,2026,1275,646,993,659
694,1931,2020,1643,697,1117,683,616,1911,1810,1101,560,1020,611
633,2049,1939,1392,770,990,603,652,2084,1913,1247,591,908,536
568,2093,2694,1943,706,946,591,585,2350,2056,1111,579,900,529
584,1931,2452,1788,625,880,578,581,2318,2304,1393,603,937,532
568,1657,2094,1533,738,1006,705,548,2006,2032,1263,631,969,613
576,1533,1872,1290,682,1162,657,536,1806,1786,1300,569,1147,569
566,1326,2360,1161,638,1052,735,502,1962,1783,1144,537,1083,649
794,1156,2128,1532,702,1033,672,833,1999,1754,1007,528,941,605
732,1317,3018,1427,675,914,600,789,1919,1654,1075,548,934,534
769,1439,2759,1491,725,1134,628,794,1941,1841,1218,605,1135,609
695,1513,2587,1503,727,1131,616,702,1829,1782,1093,649,1042,559
714,1397,2217,1489,656,1075,607,682,2425,1786,937,633,1051,515
826,1206,2563,1679,689,939,551,775,2195,1914,1185,653,932,471
756,1034,2279,1496,661,971,604,777,1913,1691,1120,583,924,495
664,1580,2160,1286,649,866,597,792,1774,1434,1101,513,823,456
728,2589,1951,1482,3077,2431,906,732,3023,1442,1861,2957,2279,861
1062,2705,1929,1336,3073,2371,858,1049,3013,1602,1739,2951,2223,829
2525,2369,2073,1273,2660,2051,758,2895,2600,1635,1495,2555,1921,729
2418,1995,1823,1114,2237,1729,654,2806,2184,1672,1266,2150,1615,646
3329,1866,1555,1118,1873,1461,582,3586,1831,1472,1077,1804,1367,562
3941,1605,1599,1132,1575,1236,518,3993,1527,1450,1296,1507,1150,500
4064,1542,1418,1525,1331,1039,469,4074,1289,1373,1394,1269,980,441
3829,1650,1533,1813,1129,897,422,3778,1093,1252,1358,1074,840,397
3269,1626,1589,1640,969,779,380,3212,1097,1830,1190,921,727,363
2730,2077,1397,1526,824,679,407,2692,1273,1687,1550,785,633,329
2282,1889,2039,1644,789,695,389,2235,1256,1543,1444,680,604,387
2691,1719,1879,1580,701,648,378,2872,1095,1628,1306,629,599,369
2403,1758,2113,1675,685,632,383,2574,969,1661,1777,605,538,371
2906,1757,1877,1485,641,614,393,2995,839,1474,1621,655,487,343
2597,1858,1868,2246,766,643,413,2654,991,1479,1589,590,494,363
2775,1774,1622,2073,711,619,385,2702,903,1931,1372,553,506,337
2429,1714,1950,1784,632,583,403,2339,987,2159,1341,581,457,340
2156,1686,2134,1518,692,573,414,1969,882,2027,1571,598,637,334
1823,1638,1886,1386,676,585,408,1647,1174,2002,1711,576,532,339
1535,1554,2123,1566,650,593,387,1384,1071,1827,1519,564,516,358
1297,1507,2099,1404,706,541,391,1170,1279,2386,1392,567,502,346
1736,1411,2667,1396,645,599,401,1682,1158,2385,1202,530,476,314
1704,1215,2404,1614,695,554,403,1585,1106,2067,1423,572,456,322
1743,1367,2395,1590,647,534,383,1623,1117,2122,1598,561,468,332
1528,1522,2066,1390,723,511,390,1423,1152,2128,1427,503,468,317
1292,1735,1949,1190,707,503,391,1204,1112,2264,1387,543,478,327
1408,1828,1679,1571,637,472,395,1265,1367,2249,1618,560,465,334
1400,1654,1446,1484,602,522,511,1379,1240,1959,1526,587,458,316
1400,1683,1300,1435,593,488,395,1225,1070,1655,1506,540,424,333
1231,1488,1588,1282,577,529,375,1123,904,1390,1315,480,420,316
1470,1851,1440,1101,520,477,386,1298,776,1490,1120,441,393,303
1353,1862,1265,1165,569,535,368,1222,971,1326,1002,497,461,321
1369,1941,1113,1105,532,499,373,1141,1035,1631,1026,494,427,307
1230,1718,984,964,478,463,384,1048,931,1819,907,501,427,318
1358,1459,840,916,553,446,363,1083,806,1619,787,457,397,305
1210,1241,882,935,516,474,395,976,880,1500,1052,463,432,319
1250,1057,1154,975,540,454,374,1104,801,1602,972,481,399,328
1150,1049,1262,987,516,494,370,1014,750,1574,892,535,416,326
1316,1148,1324,967,556,517,386,1240,766,1738,1015,496,402,335
1187,1028,1372,1016,564,798,1256,1118,992,1547,977,536,624,844
1345,895,1560,1496,600,757,1250,1262,911,2019,849,534,599,838
1196,1218,1434,1898,1426,853,1103,1126,1152,2735,1250,1298,678,739
1570,1129,1682,1734,2436,1169,951,1457,1090,2481,1878,2514,1090,650
1433,1413,1607,1753,2284,1084,813,1329,974,2524,2218,2370,1028,570
1848,1289,2822,2333,3229,1314,710,1587,1104,2682,2558,2934,1154,500
1683,1113,2642,2118,2949,1191,634,1436,993,2341,2278,2624,1033,447
1441,1252,2266,1922,2511,1032,552,1221,859,2360,1926,2231,893,400
1316,1328,1906,2473,2109,953,495,1303,1263,2186,2771,2146,901,392
1964,1209,1605,2793,2392,933,479,2070,1171,2901,2595,2206,805,394
1819,1424,1505,2478,2128,829,435,1988,1086,2623,2213,1919,776,378
2117,1474,1609,2598,2099,721,429,2006,1048,2934,1861,1719,620,371
1891,1762,1422,2277,1890,738,421,1740,1066,3142,1694,1472,649,340
1611,2007,2111,2011,1562,670,393,1477,1120,3790,1447,1237,620,343
1355,2206,2063,1883,1366,675,431,1253,1140,3441,1523,1257,636,339
1491,2283,1787,1928,1442,650,399,1238,1205,2911,1804,1337,647,362
1405,2129,1633,1696,1279,600,403,1409,1357,2443,1671,1188,579,341
1969,2261,3021,2018,1133,628,397,1985,1528,3706,1652,1017,580,353
1808,2385,3397,1814,1071,708,397,1819,1407,4017,1802,1015,593,348
1552,2092,3001,1851,936,648,403,1556,1303,4079,1599,902,544,325
1307,1776,3876,1916,876,579,408,1311,1127,4091,1358,780,540,342
1115,1495,4051,2049,938,572,410,1108,1056,3707,1279,676,511,325
950,1343,3555,2009,990,595,397,946,1128,3133,1375,839,543,361
1482,1407,2997,1996,924,619,407,1496,1006,2938,1500,847,495,341
1390,1373,2688,1887,816,608,418,1388,1178,3001,1340,800,521,340
1354,1201,2957,1628,802,573,395,1392,1065,2867,1225,728,470,323
1184,1339,2788,1670,865,541,434,1216,920,2463,1061,648,481,331
1012,1195,2384,1674,783,546,404,1090,788,2165,1125,640,469,339
872,1072,2392,1463,687,550,419,932,760,1888,1413,664,452,315
864,977,3459,1379,634,506,392,873,760,1584,1287,595,471,333
766,852,3236,1200,581,490,403,775,726,1367,1103,521,431,317
951,784,2772,1028,574,458,381,1031,733,2019,947,478,415,317
880,1112,2764,1632,615,486,378,958,659,2118,1095,501,404,436
964,1032,2396,1531,651,479,364,958,808,1868,1037,553,447,346
869,904,2008,1328,619,475,374,846,840,2155,1034,571,505,326
761,788,1698,1666,713,503,378,740,777,2504,1126,659,471,325
661,749,1422,1518,653,465,386,634,909,2496,1122,634,426,347
805,1070,2095,2163,2349,2084,1342,814,984,2429,1570,2622,3066,2291
747,1061,2391,2172,2315,2380,2368,749,884,2923,1961,2596,3739,2906
924,939,2125,1894,3739,2430,2219,790,1045,2613,1765,3504,3337,2866
916,891,1810,2158,3646,2843,1908,708,1215,2780,2107,3395,3144,2472
813,879,1530,1922,3368,2539,1606,617,1096,3316,1923,3145,2693,2077
710,1020,1898,1635,2677,2403,1363,598,1169,3882,1698,2668,2388,1742
760,929,1717,2007,2210,2356,1158,813,1037,3446,1836,2240,2152,1572
696,1181,1796,2023,1845,2128,989,761,1169,3843,1780,2224,1838,1348
715,1242,2070,1964,1553,2006,965,774,1241,3382,1544,1935,1921,1138
1035,1743,2656,1921,1305,1728,864,911,1182,3243,1744,1627,1689,969
1054,1811,2420,2000,1613,1728,861,831,1398,3063,1552,1375,1402,835
932,1873,2210,1814,1464,1761,792,768,1491,3447,1321,1160,1285,715
797,2388,1886,2204,1341,1780,821,808,1726,3231,1823,1067,1309,820
702,2162,2387,1974,1301,1568,737,725,1537,2749,1662,1201,1158,753
659,2002,2831,1864,1160,1339,772,641,1345,2300,1593,1074,1115,654
587,2462,2602,1800,1143,1281,701,600,1629,2086,1646,1063,979,606
895,2500,2846,2083,997,1160,685,685,1468,1957,1703,931,897,566
847,2174,2493,1860,962,1367,669,663,1257,2261,1561,892,1009,574
743,2552,2540,1941,1058,1235,642,584,1587,2221,1511,896,905,632
655,2332,2801,1911,1188,1068,660,512,1582,3276,1436,954,833,570
576,1988,2655,1662,1072,963,634,609,1263,3003,1647,894,788,566
508,2371,2326,1606,983,835,569,584,1563,2822,1475,801,759,541
761,2172,2205,1642,951,768,583,731,1440,3268,1257,920,878,526
721,1857,1925,1610,929,763,535,695,1244,3336,1659,880,789,473
645,1909,2210,1397,894,721,551,621,1546,3173,1511,896,720,520
637,1853,1970,1971,858,788,520,588,1399,3101,1446,789,766,483
645,2034,1782,1912,880,742,484,524,1202,3125,1249,739,695,435
581,2026,2313,1660,785,680,492,471,1269,2701,1062,654,608,436
648,1975,2616,1979,868,756,531,589,1243,2277,1457,779,664,460
785,1968,2573,1776,882,745,595,834,1092,2326,1333,745,608,446
725,2169,2853,1645,838,727,532,773,1240,2602,1154,689,640,404
710,2191,2629,1421,772,753,550,767,1277,2822,1206,766,647,415
623,1908,3340,1673,800,722,506,683,1303,3840,1443,830,672,439
559,1832,3325,1755,720,683,501,601,1193,3749,1502,752,608,443
551,1996,3483,1708,728,635,501,603,1272,4025,1659,660,621,440
601,2223,3032,1620,758,642,490,736,1286,3689,1559,652,573,443
736,1968,2698,1459,682,615,471,679,1346,3134,1384,615,506,426
683,1923,2289,1279,712,619,467,651,1475,2938,1186,784,537,429
621,2704,2423,1601,697,657,469,575,1312,2568,1587,727,513,392
562,2527,2290,1478,811,1414,2265,513,1458,2648,1447,677,886,1420
566,2275,1970,1370,772,1170,2261,597,1778,2301,1247,599,851,1413
510,2952,2138,1576,824,992,1967,549,1611,2543,1249,638,857,1232
726,2744,1980,1842,827,852,1663,640,1371,2235,1156,579,762,1058
686,2455,2162,1649,737,808,1407,660,1486,2854,1119,727,715,902
733,2731,1910,1582,678,798,1191,606,1323,3378,1252,676,668,771
663,2691,1843,1377,726,709,1015,550,1290,3004,1143,635,611,660
591,2415,1595,1302,682,657,874,491,1809,2685,992,615,543,572
554,2485,1581,1302,653,648,746,519,1661,2662,1153,601,564,508
653,2508,2001,1145,701,640,654,573,1669,2560,1046,589,560,449
761,2291,2527,1502,643,575,578,694,2055,2386,950,521,529,407
824,2349,2285,1370,636,587,518,638,1847,2038,880,488,524,371
760,2309,1949,1319,586,567,458,556,1797,1718,986,657,504,363
668,2001,1645,1213,594,535,449,493,2015,1684,886,634,482,372
591,2166,1656,1241,665,543,442,432,1783,2088,938,565,437,406
602,2144,1796,1253,699,567,435,452,1524,1978,834,531,509,380
786,1913,1911,1117,729,525,426,697,1517,1802,825,510,479,387
732,1724,2119,1505,679,510,459,660,1321,2337,1093,611,456,352
648,1722,2260,1501,620,542,460,590,1221,2116,1197,559,457,358
592,2047,1983,1503,685,562,463,580,1572,2247,1073,554,484,363
521,2000,2171,1485,693,533,452,520,1439,1976,944,518,449,361
535,1736,1925,1298,627,563,445,549,1329,1824,1098,570,438,358
565,1473,1637,1109,587,517,446,601,1585,1834,1241,548,423,363
565,1510,1689,1605,1459,763,501,554,1427,2306,1569,1422,734,380
837,1373,1484,1896,2847,1187,577,892,1216,2074,1520,2654,1028,491
1137,1185,1338,2112,2687,1179,541,1221,1308,2291,2352,2706,1089,460
1056,1589,1674,1868,2308,1043,490,1126,1354,2570,2170,2341,968,418
920,1540,1701,2230,2242,1024,456,1002,1188,2266,1946,2141,920,384
1606,1548,1953,2522,2752,1121,504,1628,1185,1920,2262,2538,992,417
1583,2350,1740,2238,2473,1007,472,1516,1489,1607,2013,2265,896,393
1395,2170,1487,2400,2103,937,470,1528,1351,1404,1939,2041,864,385
1908,1864,1689,2525,1937,822,466,2034,1623,1165,2292,1868,752,391
1806,2159,1837,2218,1669,719,462,1853,1534,1045,2043,1592,661,363
1556,1917,2057,2250,1773,803,465,1589,1323,1138,1735,1444,651,366
1486,1677,2293,1962,1553,735,454,1471,1224,1360,1998,1241,576,357
1427,1497,2025,1664,1332,650,453,1591,1183,1520,1778,1058,520,346
1437,1775,2250,1829,1193,646,457,1481,1031,1376,1510,1094,494,538
1498,3431,1990,1840,3514,2375,891,1391,3182,1448,1585,3494,2164,832
1482,3464,2058,1615,3921,2346,857,1581,3196,1712,1389,3974,2154,789
2938,3002,1803,1415,3449,2038,768,3215,2763,1548,1189,3702,1866,697
2782,2522,1555,1495,2906,1719,672,3047,2318,1328,1005,3145,1574,619
3397,2114,1727,1329,2428,1453,595,3768,1940,1400,864,2623,1332,542
3955,1759,1651,1140,2029,1229,528,4029,1622,1238,860,2191,1126,481
4067,1487,1484,968,1705,1049,472,4081,1360,1060,1084,1833,959,433
3855,1255,1273,1049,1433,897,424,3933,1155,913,986,1532,826,402
3294,1201,1090,993,1212,779,390,3362,971,861,867,1284,715,353
2759,1046,930,968,1036,675,372,2821,839,761,812,1088,608,321
2299,1334,906,862,887,615,405,2347,1091,793,716,929,536,339
2501,1219,802,827,767,652,381,2765,1004,836,620,801,529,332
2196,1158,925,824,671,619,387,2456,1045,837,702,685,499,321
3168,1010,1118,735,586,553,392,3324,933,875,644,597,453,328
2896,873,1136,773,526,500,372,3010,801,928,772,527,412,332
2924,755,994,753,486,522,372,2927,690,942,716,463,409,316
2529,819,1044,817,525,470,386,2518,692,833,629,415,377,326
2138,743,929,762,506,512,359,2111,608,873,607,437,419,316
1791,800,809,768,490,480,379,1767,784,788,571,410,403,335
1504,729,757,785,490,500,383,1527,730,797,564,442,419,318
1641,741,780,787,482,465,363,1613,703,853,605,523,402,306
1875,669,760,705,533,459,362,1854,630,851,639,438,404,326
1923,613,873,729,497,432,367,1766,708,746,573,414,384,336
1729,568,913,658,571,480,379,1532,648,665,694,439,397,320
1477,573,849,755,527,449,383,1294,599,825,646,412,369,334
1254,631,949,696,483,472,361,1097,691,933,675,466,425,309
1353,638,871,648,437,437,365,1353,632,873,623,429,402,320
1372,580,1062,793,457,454,381,1397,576,759,560,419,411,326
1735,514,972,801,457,420,409,1590,707,663,692,403,380,300
1573,664,928,721,457,416,387,1426,657,739,636,398,388,310
1350,842,900,662,423,414,405,1214,594,743,572,410,362,301
1150,782,818,712,441,450,384,1038,753,839,557,406,374,305
1215,708,920,649,448,409,387,1049,761,759,662,390,357,315
1086,647,836,679,444,437,360,987,689,774,630,415,380,302
1534,572,907,623,478,407,361,1458,593,694,565,396,366,316
1413,576,819,556,474,423,362,1352,530,609,565,420,361,320
1362,720,956,686,460,423,364,1317,609,573,634,441,356,306
1187,669,932,748,548,448,376,1149,636,646,577,414,396,307
1175,621,969,683,510,449,388,987,672,596,537,463,399,331
1030,609,877,705,554,751,1266,839,604,540,610,469,605,894
1392,614,793,657,542,728,1251,1206,658,739,561,465,578,885
1277,557,721,697,520,650,1106,1115,620,716,686,452,516,785
1345,522,765,703,568,729,950,1224,557,771,667,474,575,682
1193,570,819,683,513,669,822,1098,693,930,626,522,583,599
1028,526,735,639,575,592,715,966,635,844,586,517,527,528
883,537,789,660,631,629,628,835,582,948,580,502,575,468
1204,494,848,712,581,809,552,1033,514,856,517,454,536,413
1120,622,771,681,625,610,495,948,607,962,522,551,478,372
1349,584,782,621,632,551,447,1183,624,863,532,509,496,340
1226,596,730,717,575,523,407,1076,768,844,521,469,460,344
1058,544,754,660,591,545,413,944,711,765,556,487,441,327
910,560,780,649,641,534,388,799,697,751,544,539,447,329
923,513,754,587,587,518,388,818,634,699,571,506,475,306
825,608,910,613,563,546,380,733,631,802,538,493,475,316
1131,559,848,745,563,542,384,1119,578,726,632,543,454,324
1051,511,821,695,630,518,425,1055,766,710,574,528,433,332
989,547,728,694,645,542,403,915,710,815,545,524,430,324
864,535,753,629,693,562,398,795,682,937,519,472,468,324
796,501,679,798,757,502,374,680,665,876,487,500,432,309
711,548,692,738,693,502,388,582,721,950,590,492,430,330
859,539,803,685,614,483,361,826,657,857,548,471,410,332
791,499,794,606,538,469,405,782,749,792,485,480,428,315
915,519,714,594,528,494,385,866,794,847,533,436,400,309
835,535,822,678,512,479,381,784,741,821,529,473,407,315
785,495,752,623,531,453,359,761,651,986,478,433,397,299
701,483,741,655,539,440,367,670,782,894,450,433,358,314
726,547,717,627,494,437,362,630,722,838,429,396,360,324
656,505,787,626,458,429,352,558,636,890,504,397,377,306
838,460,704,615,454,426,368,755,772,1026,520,428,419,327
774,577,702,559,459,424,383,703,718,1018,500,462,397,345
773,544,632,556,474,440,389,650,625,1038,505,494,413,335
689,788,667,537,530,440,367,573,945,1120,625,486,404,335
602,744,650,518,494,452,379,551,919,995,705,482,450,339
540,667,702,730,464,477,392,507,1041,1708,1205,543,502,338
688,588,728,712,520,486,395,700,1288,1848,1139,582,495,353
641,789,978,682,485,475,415,660,1163,1636,1060,517,469,412
693,803,1968,2546,3373,3371,1221,756,999,2212,2424,3379,3369,1906
715,805,2495,2514,3477,3515,2234,727,1059,2860,2320,3779,3949,2562
763,718,2247,2178,3306,3068,2110,666,1127,2766,1993,3323,3523,2358
690,1000,2007,2926,2984,3035,1815,594,1007,2582,2492,3045,2969,2006
714,1010,1709,2658,3872,3059,1539,735,1192,2714,2339,3854,2767,1699
751,1149,1809,2261,4050,3263,1301,678,1075,2586,2271,3457,2507,1429
697,1341,1965,2587,3756,3393,1213,593,1033,3642,1956,3205,2125,1360
630,1821,2187,2297,4027,2961,1140,573,988,3310,1649,2804,2050,1188
555,1929,2610,2119,3923,2494,996,533,953,3397,1665,2367,1918,1008
561,2109,2568,2132,3369,2085,859,492,1105,3805,1984,1986,1691,872
569,2089,2855,1916,2821,1997,867,437,1205,3343,1780,2157,1696,831
528,1960,3730,2761,2493,2005,776,397,1397,3691,1784,1897,1622,751
554,1684,3900,2533,2283,1747,774,514,1254,3247,1612,1612,1402,803
762,1689,3392,2489,2119,1583,740,694,1578,2854,1788,1540,1334,725
716,1478,3954,2465,2609,1709,735,653,1430,3200,1696,2085,1302,635
637,1262,3876,2986,2349,1551,718,575,1219,3916,1802,2188,1137,562
561,1076,3549,2674,2786,1411,645,530,1307,4059,1642,1911,1089,546
494,922,3079,2502,2484,1825,673,561,1434,4087,1820,1652,1267,565
446,990,3180,3286,2920,1667,748,567,1424,4093,1689,1408,1138,639
597,932,3716,3186,2599,1430,682,520,1248,4094,2059,1818,1007,623
564,1024,3784,3072,2559,1415,683,592,1224,4094,2324,1681,983,555
561,964,3824,3344,2559,1239,611,540,1067,4094,2420,1437,982,569
502,848,3517,2939,2227,1492,670,470,1063,3833,2108,1686,1066,580
508,832,2982,2891,2531,1348,618,511,1159,3261,1878,1724,952,568
465,851,2502,2499,2339,1393,621,472,1175,3928,1630,1567,875,554
439,767,2094,2520,2419,1335,610,463,1439,4061,1742,1352,845,502
501,726,1759,2519,2117,1163,594,547,1305,4088,1727,1333,829,469
465,1094,1983,2179,1937,1270,610,509,1195,4093,1653,1533,876,498
422,1418,2300,1965,1654,1210,609,463,1412,4094,1636,1370,788,519
470,1621,2401,2387,1812,1223,606,455,1273,4094,1609,1350,770,509
634,1612,2087,2143,1606,1147,548,615,1089,3669,1405,1280,747,464
597,1833,3668,1824,1485,1201,614,579,1337,3094,1196,1113,754,484
658,1773,3428,1771,1737,1131,571,516,1209,3131,1285,951,770,448
610,1851,3044,2488,1613,1247,560,454,1449,2711,1409,1071,798,455
548,1627,2574,2284,1649,1119,561,474,1557,3647,1450,1001,788,447
533,1929,2838,1952,1639,1111,591,513,1536,3307,1270,1122,702,409
745,2318,2498,1856,1851,1102,543,637,2267,3282,1310,1118,706,478
705,2292,2218,2182,1650,973,518,593,2163,3286,2017,990,706,442
619,2207,1847,1950,1962,939,538,569,1856,3014,1864,847,800,442
639,2871,2083,2346,1765,1393,2268,561,1865,2555,1734,1098,1015,1481
579,2596,2376,2257,1536,1296,2256,513,1627,2239,1486,1011,928,1469
573,2380,2593,1945,1468,1157,1984,526,1587,2427,1418,1015,916,1282
522,2602,2678,2291,1270,1033,1663,507,1745,2832,2048,895,839,1097
614,2293,2331,2047,1091,987,1403,591,1548,3256,2138,817,772,941
654,2473,2196,1744,1049,959,1188,672,1604,3070,1872,715,681,803
629,2179,2028,1988,1043,841,1014,656,1408,2627,1583,785,656,691
569,1976,2100,2490,1067,738,871,555,1196,2741,1604,836,650,606
582,2152,1971,2230,947,787,755,581,1070,2989,1402,901,616,527
635,1895,2281,2538,1015,729,653,568,1315,2942,2059,841,616,475
584,1875,2211,2254,1084,714,577,512,1192,2539,2112,817,609,420
643,1927,2071,2299,974,703,516,504,1507,2827,1847,761,665,381
591,1975,2051,2355,887,633,463,590,1367,2727,1752,789,602,386
673,1918,2305,2056,899,625,463,617,1171,2349,1516,715,578,350
607,1664,2043,1804,877,638,455,573,1335,2348,1879,763,546,376
574,1881,1871,2340,892,627,489,632,1383,2037,2171,797,556,416
602,1829,1812,2127,784,589,486,681,1218,1709,1970,712,538,388
680,1865,1633,2007,806,563,446,611,1058,1978,1823,661,485,380
624,1643,1813,1727,916,587,474,572,1137,2194,2118,581,497,397
679,1556,1614,1824,828,580,471,684,1309,1945,1886,693,505,365
739,1348,1374,1920,738,551,436,815,1403,1697,1658,633,501,381
671,1275,2204,1688,750,549,458,741,1247,2466,1556,580,519,357
580,1191,2052,1436,741,576,493,806,1300,2262,1398,719,480,387
683,1040,1829,1347,677,548,489,904,1148,2342,1254,639,456,363
631,1226,1844,1633,711,589,483,808,1392,2044,1122,563,416,359
631,1442,2288,1703,735,572,490,784,1260,1731,1095,551,404,375
703,1284,2088,1500,656,521,453,788,1076,1620,1004,531,442,355
701,1101,2364,1356,670,542,462,706,1016,1960,994,556,450,368
627,943,3050,1189,653,543,458,703,1064,1929,1430,555,503,380
877,1251,2752,1074,711,499,478,759,995,2351,1321,558,463,415
760,1151,2338,1645,793,514,463,694,1153,2315,1487,631,448,367
716,987,1986,1530,801,586,459,646,1173,2034,1369,615,461,368
641,1234,1680,1857,706,574,466,630,1194,2099,1449,550,442,343
638,1126,1408,1674,631,563,486,647,1157,2391,1284,522,455,358
625,976,1484,1434,742,547,510,660,1014,2131,1172,547,443,409
585,928,1772,1506,684,502,468,589,866,1800,1430,531,455,369
655,1288,1594,1342,804,806,754,672,1159,1623,1295,675,608,765
763,3022,1840,2177,3124,2249,828,796,2737,1389,2031,3149,2076,793
889,3130,1540,2029,3086,2193,756,952,3055,1839,1884,3130,2042,714
2213,2730,1418,2186,2661,1893,667,2468,2695,2436,1810,2695,1775,629
3186,2305,1389,1925,2239,1607,589,3392,2264,2208,1834,2263,1505,557
3340,1933,1907,1621,1884,1362,524,3483,2036,1884,1604,1895,1270,486
3944,1617,1744,1635,1581,1155,704,3972,1622,1658,1382,1592,1078,442
3656,1435,1499,2459,2282,987,529,3660,1616,1825,2194,1980,916,390
3370,1817,1795,2273,2098,846,456,3376,1894,2443,2043,1778,785,361
2861,1812,1777,2924,2418,743,481,2879,1701,2218,2781,2305,705,411
2401,1580,1901,2624,2153,677,447,2406,1447,2514,2649,2082,625,389
2008,1678,1730,2239,1831,690,452,2007,1465,2399,2166,1771,549,355
2169,1870,1769,1885,1545,723,420,2259,1573,2367,2094,1492,545,351
1913,1910,2329,1696,1305,654,389,2003,1807,2321,1801,1262,496,337
2665,1826,2551,1524,1246,686,415,2813,1614,2272,1848,1101,583,338
2859,2078,2249,1308,1089,623,389,2763,1725,1960,1608,944,543,362
2611,1906,1908,1264,932,621,390,2531,1518,1665,1704,861,550,343
2223,2025,2015,1300,806,565,405,2151,1295,1474,1510,739,494,351
1867,1781,1778,1336,702,626,377,1807,1100,1484,1276,640,465,350
1787,1680,2231,1611,678,580,397,1514,1072,1579,1186,676,471,357
1611,1512,2015,1491,674,610,404,1648,1090,1529,1301,606,481,335
1976,1456,1879,1678,648,559,380,1963,1034,1533,1331,705,444,343
1903,1511,1798,1713,696,577,386,1943,1123,1361,1391,648,497,332
2195,1540,1759,1510,810,559,408,1960,999,1219,1233,598,458,348
1949,1604,2008,1481,747,564,388,1702,863,1604,1184,618,460,342
1665,1416,1792,1847,758,515,399,1450,899,1458,1320,619,416,330
1406,1340,1529,1786,788,560,403,1214,979,1256,1504,734,472,337
1888,1390,1897,1548,712,515,379,1826,1383,1607,1593,670,441,337
1724,1509,1949,1316,629,555,379,1691,1272,1807,1409,630,450,342
1621,1853,2009,1290,587,515,377,1451,1102,1612,1283,562,420,310
1420,1925,1761,1553,709,532,374,1225,960,1369,1173,542,437,333
1522,1931,2001,1685,653,488,385,1416,943,1269,1368,515,401,326
1346,1687,1954,1496,648,521,388,1260,844,1275,1235,499,398,331
1193,1556,1696,1348,634,483,396,1088,735,1123,1127,558,418,327
1021,1391,1724,1333,677,532,408,923,787,1449,977,535,417,328
1290,1416,1512,1422,618,493,373,1199,712,1596,856,519,405,302
1174,1534,1295,1321,613,477,377,1103,649,1414,895,492,401,332
1397,1376,1099,1273,693,463,380,1372,565,1356,1053,499,397,316
1258,1184,1448,1210,636,534,380,1248,781,1176,985,554,436,327
1389,1012,1566,1389,671,587,379,1306,753,1161,926,547,472,323
1240,983,1395,1497,735,829,1311,1142,845,1133,1182,672,580,878
1175,883,1385,1517,704,954,1306,981,852,1201,1546,654,1436,871
1027,1356,1385,1546,684,1053,1149,843,1572,1885,1417,700,1500,770
1566,1263,1821,1718,1612,1479,986,1400,1712,1885,1514,1628,1324,665
1458,1228,1660,2658,2001,1367,850,1319,1644,1870,2184,1961,1269,589
1431,1120,2096,2456,1806,1183,738,1345,1424,2572,1995,1761,1119,517
1248,1257,2212,3020,2258,1605,644,1177,1312,3261,2653,2051,1435,507
1171,1149,3179,2709,2034,1473,568,1183,1192,3394,2395,1827,1351,464
1019,1507,2902,2403,1735,1469,576,1040,1084,2950,2119,1603,1234,507
1439,1570,2546,2885,2206,1426,596,1384,1174,2474,2171,2220,1286,584
1502,2193,2468,2592,1994,1290,560,1289,1313,2072,1893,2026,1129,539
1574,1995,2960,2780,2042,1426,623,1364,1167,3234,2377,1762,1359,562
1387,1715,2968,2444,1787,1271,614,1202,1243,3556,2149,1493,1227,582
1616,1453,3239,2066,1519,1203,615,1517,1131,3365,1822,1252,1407,532
1437,1301,2852,2536,1291,1415,561,1371,1455,2873,2011,1191,1549,520
1240,1122,2699,2292,1129,1599,605,1228,1509,2616,1771,1042,1734,567
1060,959,3690,1953,1166,1643,597,1053,1377,3799,1499,1162,1545,617
917,932,3474,1993,1034,1614,593,900,1419,3759,1267,1039,1445,561
789,1194,2976,2072,939,1482,625,778,1546,3861,1429,952,1300,501
1276,1098,2493,1964,894,1362,613,1230,1361,3351,1281,833,1323,485
1201,953,2567,1755,919,1463,634,1154,1244,2974,1806,842,1308,566
1123,872,2848,2298,863,1593,617,1166,1080,2400,1814,889,1434,519
980,1140,3213,2086,930,1413,605,1023,1180,3756,1588,871,1269,550
935,1048,3177,2410,1023,1317,582,878,1056,3820,1381,799,1232,506
826,968,2749,2346,1023,1313,609,754,1351,4039,1336,911,1251,530
742,855,2313,2031,909,1381,610,874,1230,3815,1153,819,1211,526
649,958,2450,1857,977,1221,578,845,1162,3645,1563,825,1057,479
817,871,2651,2265,979,1349,559,995,1424,3911,1440,758,1164,528
753,811,2339,2037,912,1289,554,903,1292,3421,1679,737,1039,479
1003,1001,1974,1925,844,1169,530,1015,1116,2872,1559,837,1143,474
931,918,1666,1717,1004,1416,558,907,948,2389,1595,785,1215,483
815,878,1485,1693,904,1285,564,781,1108,1992,1393,778,1289,498
712,847,1948,1597,833,1211,555,683,1001,1858,1241,696,1371,495
635,879,1776,1604,799,1391,567,587,1232,2228,1065,656,1221,510
567,969,1526,1590,752,1224,592,519,1455,2718,1321,694,1233,489
663,1094,1295,1423,666,1236,544,667,1315,2427,1193,626,1087,521
615,1278,2554,1392,753,1155,636,614,1230,2051,1037,586,937,916
709,1323,3507,2375,2597,2510,1617,757,1171,2560,1825,2385,3010,2244
856,1445,3202,2218,2555,2584,2599,906,1141,2648,2361,2365,3426,2449
809,1289,2716,2322,3787,2308,2412,832,1007,2305,2138,3749,3028,2495
713,1108,2280,3305,3556,2611,2068,768,1123,2216,2830,3557,3056,2167
649,1468,1906,3018,3058,2611,1744,676,1211,2608,2546,3065,2648,1824
573,1348,1598,2568,2560,2418,1469,582,1413,2330,2166,2568,2232,1529
513,1467,2018,2141,2211,2383,1245,512,1696,1976,1816,2324,1961,1333
459,1328,1998,2140,1866,2223,1061,458,1611,2233,1981,1985,1729,1136
566,1420,3131,1962,1570,2012,908,607,1929,3329,1757,1669,1896,969
628,1260,2885,1756,1327,1729,783,827,1877,3673,1528,1402,1679,826
731,1087,3374,2056,1900,1639,799,848,1628,3229,1758,1442,1419,780
683,970,3370,1844,1754,1638,818,759,1896,3921,1928,1272,1265,746
604,1527,3278,2103,1504,1846,802,659,1845,3746,1829,1092,1137,759
664,1489,2823,1873,1432,1651,710,574,1469,3210,1693,1210,1151,681
769,2015,2785,2573,1240,1411,727,688,1247,2676,1711,1086,1081,651
695,2479,2872,2365,1060,1266,705,645,1397,2740,1484,1015,938,589
619,2228,2824,2408,1076,1128,664,649,1245,2379,1716,915,866,549
688,2682,2944,2097,1132,1450,683,737,1532,2793,1744,905,960,567
626,2386,2570,1804,1012,1328,654,616,1382,2488,1514,893,871,599
554,2310,2188,1720,922,1145,610,705,1931,2746,1414,836,890,584
610,2300,2261,2095,913,985,618,641,1939,2473,1544,751,790,678
662,1995,2796,1884,1041,842,653,701,1687,2095,1750,770,767,572
604,1716,3340,1702,970,850,600,644,1803,2171,1553,918,787,537
766,1799,2978,1517,854,794,575,559,1582,1936,1717,883,707,518
710,1579,2515,1692,798,865,550,575,1638,2349,1529,849,615,498
638,1727,2111,1508,756,786,541,602,2057,2634,1384,741,671,493
611,1553,1959,1658,804,713,514,562,1856,2329,1349,655,614,475
548,1677,2187,1488,746,667,506,688,1971,1967,1169,659,574,431
648,1837,2724,1937,825,734,498,529,1729,1651,1653,725,614,427
620,1629,2448,1765,754,675,542,628,1725,1963,1857,742,613,458
580,1689,2083,2094,797,713,501,580,1702,1761,1643,722,560,481
581,1490,1750,1877,813,743,518,578,1485,1599,1519,684,637,437
543,1274,2122,1909,804,673,507,608,1256,1387,1361,632,583,399
484,1320,2569,2105,828,637,495,548,1066,1679,1701,821,544,410
655,1433,2301,2052,748,625,509,488,1022,2199,1725,710,584,426
661,1621,2535,1780,704,621,505,468,1178,3309,1821,665,574,393
667,1993,2825,1658,772,688,499,598,1315,3040,1665,816,618,437
613,1912,3077,1580,732,629,455,550,1167,3181,1429,753,573,417
547,2341,2709,1532,796,660,557,496,1003,2768,1629,663,541,444
657,2275,2278,1332,805,1243,2337,468,865,2328,1514,706,905,1502
613,2464,1929,1268,769,1191,2321,456,965,2485,1430,665,855,1478
610,2750,2213,1665,708,1042,2015,540,1207,2454,1451,704,835,1283
643,2429,2107,1864,769,900,1706,533,1151,2892,1474,792,778,1107
586,2702,2902,1932,857,838,1435,624,1366,3059,1522,728,761,943
524,2394,3020,1896,848,741,1219,582,1417,2692,1326,639,681,806
516,2250,2619,1701,762,730,1035,517,1779,2248,1506,649,595,696
677,2420,2588,1521,691,685,890,528,1747,1876,1366,653,551,608
622,2283,2239,1560,699,719,775,474,2115,1868,1573,584,535,528
566,2288,2294,2154,699,683,671,428,2347,1714,1409,548,528,472
573,1973,2005,1968,651,609,591,403,2082,1781,1201,623,588,419
522,1716,2219,1687,636,660,525,370,2282,2265,1101,576,539,382
470,1609,1956,1428,652,573,469,433,2017,2123,1033,514,541,399
644,1495,2053,1559,724,613,459,482,2085,1819,1171,621,514,371
613,1863,1921,1575,692,604,453,445,1874,1536,1310,566,465,366
571,1674,1930,1829,651,546,510,399,1586,1953,1380,527,466,378
515,2137,1710,1641,975,575,472,367,1692,1773,1450,508,430,348
554,1981,2237,1540,733,549,463,408,1499,1726,1277,484,428,526
754,2229,2040,1773,642,565,461,593,1635,1495,1361,521,445,370
713,2141,1744,1689,710,569,457,565,1446,1264,1202,573,456,382
668,1970,1659,1463,680,538,459,498,2015,1579,1190,527,488,347
592,2146,1826,1523,615,510,459,509,2026,2067,1199,499,450,374
558,1937,2010,1345,595,520,464,519,2405,2797,1057,538,447,347
561,1932,2050,1394,1523,605,468,568,2933,2688,1341,1466,555,433
613,1883,1818,2622,2401,962,496,682,2623,2725,2180,1957,851,470
1123,1891,1854,2478,2226,911,456,1290,2732,2365,2024,1776,803,439
1131,1889,1681,2127,1909,802,455,1228,2661,2137,1840,1632,698,402
997,1790,2298,2515,2116,743,502,1065,2413,2463,2256,1707,656,424
869,1817,2095,2283,1877,724,465,1070,2697,2639,2117,1499,631,401
851,1852,2007,2210,1937,728,458,1026,2377,2319,2233,1682,632,391
1475,1860,1742,1910,1697,643,473,1506,2161,1951,1980,1504,572,360
1400,1764,1833,1608,1441,577,435,1404,1841,1755,1669,1278,500,368
1215,1704,1693,2087,1817,714,459,1204,1801,2051,2097,1470,607,372
1040,1636,1581,1895,1643,668,467,1144,1557,1988,1891,1314,568,351
893,1762,1789,2542,1519,668,435,994,1468,2017,2071,1238,559,351
1041,1643,1601,2317,1313,599,450,1046,1459,2194,1813,1074,506,377
939,1718,1611,2078,2649,2141,836,1051,1349,2266,2206,2179,1762,753
969,2761,2065,1987,3805,2579,883,1097,2080,2354,2252,3711,2511,870
1264,2560,1877,1730,4037,2312,789,1577,2111,2058,1961,4018,2294,803
1910,2192,1610,1470,3653,1964,701,2185,1835,1740,1667,3620,1952,703
3184,1843,1532,1345,3094,1654,614,3411,1546,1457,1400,3060,1649,615
3000,1551,2092,1165,2588,1394,546,3172,1314,1584,1180,2553,1387,539
3797,1311,2212,1205,2159,1183,490,3816,1112,1478,1002,2126,1171,479
3422,1306,2260,1349,1815,1012,440,3555,1212,1822,987,1774,1002,419
3398,1437,1976,1207,1526,868,391,3411,1105,1636,870,1490,852,388
2932,1433,1725,1217,1277,752,394,2927,1072,1400,904,1256,734,350
2464,1549,1461,1164,1093,658,370,2450,1163,1181,879,1064,639,351
2061,1793,1370,1019,934,591,386,2036,1450,1556,1209,905,558,328
2001,1604,1187,960,809,602,362,2150,1306,1408,1277,786,496,333
1729,1729,1554,1188,701,586,369,1878,1428,1356,1141,677,435,309
2907,1533,1422,1263,605,554,376,2838,1272,1216,972,608,421,325
2998,1359,1224,1125,543,502,354,3046,1234,1055,839,514,408,329
2914,1167,1273,971,487,525,374,2770,1073,906,722,454,422,327
2508,1211,945,900,440,485,362,2351,1016,1053,657,407,397,309
2108,1079,809,908,509,505,370,1968,890,955,669,419,437,317
1768,927,865,867,477,464,406,1654,812,831,633,407,405,305
1488,807,829,875,513,488,384,1387,716,826,658,454,394,314
2049,700,797,781,504,456,383,2073,619,745,597,418,389,328
1897,680,715,714,503,458,362,1933,727,872,594,429,446,324
1950,613,776,741,493,687,360,1837,773,789,592,401,375,334
1714,579,956,873,482,515,375,1580,832,795,570,398,455,317
1586,571,880,805,510,443,353,1337,751,799,618,425,384,290
1364,632,832,741,472,458,349,1130,852,995,565,413,402,322
1391,654,751,805,458,429,369,1248,780,1031,541,404,374,301
1225,658,662,789,511,449,377,1148,725,1019,587,388,386,317
1491,594,650,756,478,415,383,1453,762,989,578,420,357,297
1339,614,638,902,459,520,409,1325,803,954,695,389,390,321
1516,558,710,994,477,441,390,1541,806,1023,648,402,391,310
1348,535,742,902,444,438,362,1384,722,909,572,399,389,306
1368,509,674,837,508,439,478,1185,801,817,596,360,365,314
1206,624,687,901,502,463,415,1001,717,821,552,387,383,306
1258,586,621,813,458,434,378,996,634,895,556,392,349,318
1114,652,773,811,464,446,382,880,776,1073,624,432,370,308
1294,599,711,725,431,417,360,1264,713,981,578,398,371,309
1169,574,759,860,444,419,360,1163,846,929,572,394,378,322
1293,550,689,787,412,431,372,1227,778,812,579,412,370,305
1153,674,681,695,541,752,1292,1083,912,975,690,488,564,832
1247,617,693,752,577,729,1287,1071,836,881,641,491,546,823
1114,661,653,685,548,655,1134,942,832,945,613,501,553,736
1175,603,650,685,500,577,977,951,861,849,793,533,530,640
1043,691,765,707,481,559,844,847,933,828,729,489,544,556
983,637,707,641,501,509,729,940,969,990,650,444,504,488
870,657,823,724,492,539,642,848,864,923,568,483,506,444
920,621,758,695,540,499,551,980,879,1073,522,474,468,394
824,626,670,650,519,521,500,882,938,1101,494,488,484,362
986,566,590,580,566,513,450,932,846,973,545,551,491,333
899,676,726,625,592,522,413,834,1044,1298,517,506,454,345
1003,631,677,602,542,538,407,891,952,1244,534,504,506,341
926,565,763,570,515,510,380,811,1026,1164,589,485,466,326
978,501,699,746,505,489,412,747,946,1026,649,480,469,314
877,522,789,697,595,552,623,653,998,1078,669,476,469,320
857,486,723,658,550,550,433,773,910,1132,609,564,432,324
762,631,753,634,560,506,406,701,821,1050,640,559,442,306
861,592,715,631,643,529,374,896,834,920,568,504,400,311
781,747,705,615,622,501,371,824,819,1092,581,458,410,316
945,695,706,731,560,486,366,906,862,994,564,578,411,308
868,663,638,730,544,522,361,815,892,1230,671,448,401,311
896,635,773,659,548,508,357,778,956,1119,618,440,418,325
796,588,721,687,505,514,353,678,913,969,556,411,381,307
820,561,644,642,565,508,364,701,927,940,529,421,397,332
736,530,774,630,557,467,360,631,1071,1032,511,417,373,305
784,581,712,647,561,485,369,720,970,915,580,485,429,316
712,681,730,696,545,444,377,655,1106,1091,584,457,393,298
660,631,664,637,492,450,380,662,1002,987,530,411,372,316
604,725,693,625,465,422,396,596,1046,964,608,436,381,302
735,669,827,562,473,418,374,638,958,906,586,408,376,303
695,628,761,561,468,416,363,578,847,974,583,368,366,319
715,555,820,636,456,416,403,634,998,872,529,398,398,329
666,547,887,922,468,425,382,738,929,1005,815,419,367,315
702,639,801,867,499,440,382,794,1021,1044,764,431,385,323
897,592,773,1240,556,443,358,789,1073,1296,1360,478,399,321
827,1024,697,1154,520,428,372,705,1531,1376,1288,446,423,327
791,982,828,998,1316,2256,1104,738,1641,1516,1114,1326,2639,1461
705,858,2028,1789,2473,2900,1532,665,1559,2172,1788,2911,3619,2325
637,828,2125,1752,2376,2656,2294,826,1468,1980,1835,2783,3693,2423
565,1759,1857,1831,3751,2348,2118,758,2405,1690,1982,3832,3193,2391
939,1690,1819,1663,4026,2688,1811,973,2231,1750,1804,3683,2931,2069
899,1467,1579,2287,3780,2388,1536,898,1927,1819,2148,3320,2484,1748
1137,1407,1576,2091,3216,2209,1296,1023,1626,2186,1917,2808,2237,1467
1041,1228,2217,2020,2697,2205,1105,928,1613,2182,2477,2691,1893,1233
993,1368,2419,2387,3403,2302,945,1117,1926,2829,2245,3018,1710,1097
905,1999,2131,2131,3057,2020,850,1048,2538,2549,1899,2661,1751,941
777,1846,2085,1815,2591,1712,844,912,2290,2168,1605,2250,1528,805
1483,1585,1807,2283,2168,1533,806,1461,1945,2073,1921,1878,1297,765
1415,1575,1533,2467,2225,1641,772,1373,1637,1781,2184,1889,1212,678
1230,1263,1924,2332,1944,1611,816,1172,1889,2531,2323,1653,1212,762
1458,1265,2207,2003,1648,1405,734,1206,1685,2318,2032,1398,1063,702
1309,1232,2264,1692,1396,1349,714,1073,1731,1972,1717,1298,1031,612
1135,1081,1980,1758,1372,1280,650,922,1515,1659,1446,1134,963,536
970,1046,2012,1910,1188,1216,661,787,1284,1392,1698,1023,932,586
918,926,1836,1690,1134,1389,629,892,1364,1923,1529,1000,998,589
1194,1104,1792,1443,1082,1240,641,1131,1445,1754,1311,880,886,585
1206,1056,1740,1936,979,1071,637,1065,1704,1707,1331,792,770,576
1069,930,1719,1775,985,923,605,933,1867,1479,1173,802,776,570
923,1249,1677,1523,870,798,601,801,1695,1263,1299,748,778,569
793,1153,1872,1427,790,778,579,749,1449,1585,1163,761,691,689
691,1114,2516,1458,890,756,567,656,1417,1820,1272,793,604,494
747,1118,2288,1316,812,702,513,645,1236,1626,1139,709,584,554
678,988,1949,1482,885,690,509,581,1296,1391,978,699,664,514
600,1008,2303,1592,801,654,498,505,1474,1338,1125,862,618,448
528,898,2059,1635,716,589,500,452,1611,1322,1378,795,572,416
608,838,2191,1712,722,646,498,548,1426,1303,1676,824,628,455
720,1154,1929,1508,669,594,484,757,1642,1637,1505,755,599,427
694,1071,2317,1492,737,612,503,761,1469,1490,1288,740,563,430
682,1442,2351,1312,674,660,471,924,1984,1683,1091,656,617,475
805,1327,2047,1704,747,606,483,860,1805,1687,1383,628,573,433
743,1148,2215,2175,819,681,477,760,1577,1522,1372,590,529,418
824,1048,1953,1972,745,623,465,836,1685,1438,1185,655,564,420
775,1220,1703,2027,733,655,478,744,1694,1930,1443,636,581,430
857,1219,1731,1779,656,594,469,872,1484,1758,1302,631,549,444
778,1068,2176,1897,677,582,457,812,1605,2096,1578,628,549,416
816,1165,1992,2001,707,581,518,952,1965,1874,1423,640,615,466
766,1105,2389,1762,821,1217,2212,983,1765,1771,1219,600,936,1473
674,1208,2613,1502,752,1170,2201,879,1768,1522,1103,644,885,1457
822,1324,2306,1454,691,1032,1909,889,1541,1644,1249,623,843,1265
754,1177,1954,1361,610,887,1618,788,1309,1453,1228,553,796,1085
860,2053,2700,1531,1171,1029,1368,858,2113,1817,1448,1196,972,921
1412,1933,2452,1771,1787,1109,1164,1574,1967,2146,1820,1824,1056,786
1329,1664,2618,2155,2563,1521,994,1490,1683,1910,2488,2500,1434,687
1494,1624,2434,1932,2580,1402,854,1510,2034,1628,2265,2778,1346,607
1301,1816,2086,1952,2851,1290,740,1320,1825,1722,2029,3025,1283,527
1216,1608,2285,1730,2512,1114,648,1188,1817,1716,1728,2657,1114,465
1057,1720,2117,1786,2868,1191,571,1024,2106,1815,2288,2659,1108,444
974,1638,2154,1961,2544,1066,510,896,1874,1590,2076,2308,1016,408
1178,1417,2003,1737,2153,963,523,1154,1994,1350,1773,1942,879,401
1080,1362,2165,1823,1812,913,476,1057,1982,1618,1489,1630,854,376
1212,1767,2116,1919,1796,804,499,1064,2176,2101,1439,1425,750,380
1090,1617,1969,1804,1556,702,459,942,1924,1904,1308,1215,651,348
942,1387,1950,1557,1479,618,482,817,1674,1629,1505,1251,596,395
1062,1183,1922,1527,1363,700,491,1049,1415,1370,1522,1201,568,406
958,1359,1696,1331,1180,650,453,961,1678,1778,1330,1044,539,376
891,1297,2633,1664,1064,737,448,1128,1567,1912,1610,896,607,378
784,1496,2639,1897,924,674,458,1020,1547,2181,1453,777,557,394
878,1355,2287,1772,801,603,453,991,1462,2114,1525,665,503,403
797,1246,2411,2332,815,679,481,868,1356,1819,2226,661,512,424
693,1199,2126,2123,840,651,450,748,1362,1535,2042,730,472,388
612,1484,2152,1860,777,577,436,664,1452,1679,1745,666,494,391
537,2180,2050,1888,737,535,443,574,1562,1490,1475,612,456,391
613,2012,2144,1887,694,570,446,493,1428,1475,1307,618,470,388
649,2215,2645,1661,796,551,437,563,1756,1532,1259,559,453,363
763,1957,2375,2233,754,539,429,666,1584,1741,1375,579,488,378
747,1805,2376,2039,672,550,431,614,1353,1555,1220,551,453,380
665,1889,2172,1738,612,533,431,562,1182,1464,1364,563,438,420
723,1858,2065,1559,681,536,429,639,1513,1488,1215,643,470,397
660,2254,2003,1393,681,543,430,582,2059,1468,1060,656,466,358
572,2025,1764,1445,754,530,446,523,1886,1404,1231,588,450,382
636,1959,1847,1495,691,537,451,506,1688,1610,1110,648,442,354
719,1781,2321,1340,665,556,452,663,1436,1507,959,586,422,376
662,1980,2121,1586,2742,2081,791,622,2116,1715,1132,2956,1770,748
586,3672,2525,1577,2714,2270,763,704,3462,1924,1689,2942,2136,717
1161,3792,2257,1677,2346,2006,685,1150,3218,1711,1563,2537,1905,647
1652,3298,2203,1755,1987,1706,605,1953,2733,1707,1492,2143,1619,576
3026,2760,2075,1672,2334,1442,533,3357,2283,1486,1703,2235,1367,505
2842,2311,1879,1705,2395,1222,481,3131,1909,1338,1664,2322,1156,451
3662,1935,1829,1916,2087,1038,435,3798,1601,2046,1462,2039,984,409
3396,1624,1585,2446,2705,998,471,3693,1341,1898,2387,2220,845,390
3190,1368,1805,2210,2445,866,437,3374,1132,1630,2218,1963,728,364
2721,1149,1617,2520,2229,839,453,2864,1024,1409,2362,2007,740,374
2284,988,1382,2236,1899,767,421,2384,886,1469,2078,1752,663,347
1912,1599,1902,1899,1675,690,430,1995,1122,1656,1758,1487,575,387
2197,1679,1740,1601,1426,662,402,2517,1362,1820,1601,1254,530,367
1953,2055,1495,1901,1274,658,429,2261,1277,2165,1695,1270,474,347
2919,1850,1485,1829,1097,687,404,2985,1107,1945,1563,1118,539,352
3375,1880,1695,2518,937,624,437,3270,947,1654,1761,954,525,330
3135,1641,2179,2300,1120,666,409,2915,825,1675,1571,899,521,349
2677,1592,2091,1963,1020,601,403,2472,846,1604,1546,791,469,350
2248,1636,2186,1751,1016,683,401,2062,1081,1972,1624,811,544,362
2205,1608,2802,1801,900,631,396,1926,1150,1906,1528,727,500,363
1909,1656,2530,1817,986,664,404,1642,1278,2347,1486,730,504,346
2093,1456,2698,1586,889,607,400,2114,1214,2474,1374,646,497,345
1848,1515,2859,1770,821,649,408,1914,1182,2359,1185,740,539,352
1792,1772,2500,2151,807,630,401,1743,1374,2023,1374,695,484,329
1564,1594,2330,1937,807,652,430,1475,1226,1711,1233,725,519,356
1694,1424,2206,1863,869,687,396,1455,1059,1435,1310,651,475,332
1500,1305,2142,1787,782,649,434,1262,1066,1211,1257,644,512,336
1399,1213,2711,1751,769,606,410,1271,949,1403,1094,604,473,323
1214,1620,2743,1651,760,656,405,1106,815,1263,1130,616,491,327
1194,1665,2859,2200,831,617,413,1294,1035,1349,998,658,463,339
1060,1899,2595,2007,793,577,385,1154,1117,1645,1493,621,491,323
1354,1832,2528,1714,700,602,397,1407,1057,1518,1385,593,451,338
1233,1968,2187,1486,619,555,372,1275,1397,2015,1201,518,498,345
1216,1741,1843,1414,676,555,405,1096,1273,1940,1171,593,463,359
1062,1603,1555,1597,736,521,425,932,1267,1676,1026,543,465,343
1293,1405,1510,1623,671,477,396,1130,1107,1470,900,513,425,348
1170,1313,1547,1415,595,479,385,1026,954,1326,972,513,429,332
1334,1144,1573,1207,551,513,380,1031,960,1428,860,468,422,307
1196,1471,1416,1159,553,476,398,902,1137,1266,776,500,396,319
1331,1529,1245,1012,526,506,374,1050,1174,1086,675,460,384,327
1197,1826,1073,1068,639,743,1283,952,1082,1057,892,476,547,874
1296,1836,951,952,597,705,1279,1170,941,935,830,428,519,865
1156,1614,1022,1240,1519,749,1124,1056,1151,880,1023,1293,600,761
1422,1373,1150,1944,2143,884,966,1392,1097,796,1973,2269,837,667
1288,1283,939,1808,1975,801,837,1267,1312,808,1859,2126,786,582
1264,1143,1075,2688,2606,921,726,1197,1188,1040,2638,2726,868,510
1105,985,974,2484,2367,839,633,1038,1018,952,2410,2445,780,459
1247,902,948,2354,2500,845,550,1254,932,1040,2134,2377,789,433
1218,1142,936,2021,2186,853,497,1129,1187,932,1806,2043,791,401
1070,1046,1131,2745,2444,766,450,972,1083,1334,2481,2157,707,368
918,910,1016,2499,2204,765,446,837,1044,1449,2266,1928,667,372
792,1097,1004,2131,1876,749,412,713,1145,1281,1933,1640,604,346
784,1093,965,1782,1792,620,416,674,1393,1146,1749,1568,530,353
731,965,874,1506,1548,541,408,683,1257,1056,1493,1356,462,355
645,940,990,1662,1530,656,408,720,1165,1455,1517,1325,573,344
1225,1064,918,1477,1338,612,384,1068,1421,1338,1321,1157,545,323
1174,1215,864,1679,1210,542,382,985,1509,1155,1572,993,498,326
1089,1095,905,1499,1046,532,382,866,1338,987,1300,849,476,330
950,951,1110,1411,900,542,384,741,1148,999,1238,766,477,336
1379,966,1036,1227,780,527,382,1142,1210,883,1077,666,451,346
1279,1028,907,1050,699,531,419,1070,1077,829,1027,619,447,334
1125,1048,886,1312,647,533,398,963,948,729,930,599,436,328
1155,1153,849,1200,718,517,390,958,1107,916,803,606,430,352
1205,1125,763,1041,738,495,393,979,1127,844,729,585,438,328
1061,1205,833,1031,754,529,404,874,991,733,758,624,425,332
919,1084,867,1033,683,489,376,757,938,961,739,576,417,310
848,1346,879,1010,763,488,385,653,1156,885,685,508,405,318
744,1234,783,891,909,479,366,685,1049,772,760,533,409,298
652,1384,850,819,660,438,356,634,1152,755,761,549,397,307
615,1239,831,722,556,458,364,698,1212,820,722,507,400,293
582,1337,739,701,512,437,371,753,1329,796,638,447,360,306
566,1451,808,716,517,445,345,677,1189,707,628,523,379,315
545,1439,823,722,497,454,373,635,1225,908,591,511,358,294
621,1505,814,640,508,462,395,616,1265,910,622,488,401,330
572,1332,725,677,496,422,376,544,1545,972,654,447,385,305
673,1351,837,612,507,445,372,535,1393,870,725,457,407,297
747,1253,765,638,1921,1837,1287,633,1473,861,741,1939,2634,2190
776,1873,2171,2104,2933,2418,1634,642,1437,2021,1550,2662,3658,2369
988,1733,2119,2265,2707,2568,2558,814,1252,1997,1898,2420,3530,2557
980,1618,1835,1995,3817,2380,2371,771,1199,1745,1736,3760,3315,2559
1127,1435,1625,2007,3729,2534,2031,884,1490,1478,1949,3744,3096,2210
1015,1777,1521,1752,3205,2457,1705,800,1425,1634,1734,3228,2638,1863
1296,1612,1702,1772,2675,2275,1441,916,1385,2149,1476,2708,2323,1720
1184,1429,2082,1558,2238,2434,1218,830,1616,1958,1549,2520,1965,1476
1040,1839,2540,1562,2014,2428,1043,857,1608,1754,1742,2154,1656,1256
904,1674,2648,1593,1718,1959,949,894,1422,1490,1554,1813,1860,1060
777,1980,2314,2170,1691,1633,829,810,1589,2008,1757,1521,1650,901
677,1778,2198,1982,1474,1759,773,769,1501,1820,1570,1289,1402,773
594,1815,1991,2618,1258,1553,770,711,1964,1566,1798,1082,1223,713
662,1730,2327,2373,1116,1613,780,719,2251,1726,1598,1130,1158,800
617,1730,2077,2013,1120,1421,700,690,2490,1535,1368,897,1002,724
629,1843,2123,2023,1043,1353,736,612,2294,1547,1152,859,977,640
668,1632,2318,1764,1083,1241,670,834,2256,1686,1156,983,855,560
608,2149,2538,1616,994,1222,646,781,1939,1777,1275,895,974,564
593,1957,2298,1387,1015,1368,616,720,2289,1566,1143,852,969,611
760,2395,2200,1317,931,1228,638,628,2039,1333,1135,790,865,559
717,2149,1894,1493,816,1061,656,797,2175,1132,1247,726,749,622
735,1976,2186,1714,881,914,592,609,2059,1268,1351,632,747,565
662,1696,2409,1533,796,790,577,506,1987,1624,1211,619,691,533
838,1970,2533,1611,698,781,558,520,1738,1548,1129,701,629,485
773,1762,2416,1426,754,744,562,488,2251,1825,1043,802,583,476
852,1718,2152,1931,1570,900,573,938,2343,1682,1543,1774,867,507
778,2148,2159,2059,1766,801,567,906,2163,1442,1839,1988,826,471
1110,1932,1920,2357,2448,1029,513,1006,1995,1345,2095,2462,919,445
1035,1648,1752,2101,2239,953,507,901,2451,1280,1860,2201,835,454
1043,1452,1536,1785,1934,852,476,1277,2819,1304,1782,1991,770,441
1708,2088,1780,1616,1644,748,496,1547,2758,1908,1539,1688,681,429
1601,1922,1778,2221,1930,894,495,1387,2578,1756,2636,2148,788,430
1377,1907,2302,2028,1726,822,500,1187,2731,1594,2456,1940,713,426
1174,1746,2133,1741,1523,741,487,1017,2383,1360,2099,1714,637,441
1391,1728,2029,1757,1352,653,533,1097,2222,1250,1763,1454,621,397
1256,1512,1745,1668,1377,596,502,987,2777,2166,1878,1488,579,446
1119,1808,1803,1956,1417,639,496,848,2493,2022,1650,1360,571,422
964,1653,2130,1745,1254,618,488,733,2230,1738,1397,1166,520,415
1311,1655,2515,2033,1297,649,470,1050,2108,1466,1703,1026,586,402
1263,1514,2540,1819,1149,594,506,977,2285,2343,1539,881,598,418
1103,1382,2648,1589,989,1084,2066,991,2013,2183,1416,853,884,1382
1603,1890,2493,1357,853,1041,2042,1199,2146,1865,1216,757,836,1383
1500,1810,2709,1507,741,914,1786,1085,1886,1993,1225,723,731,1211
1282,1750,2382,1401,695,814,1502,932,2498,1749,1326,630,803,1026
1095,1515,2437,1536,723,748,1282,804,2263,1576,1178,608,723,884
935,1298,2630,1515,775,709,1093,692,2135,1916,1067,708,665,758
950,1506,2745,1618,706,682,937,750,2053,1730,989,648,625,650
842,1356,2957,1481,646,618,807,686,2146,1794,909,611,551,571
736,1580,2663,1321,612,626,700,626,1962,1568,989,703,542,508
643,1661,2940,1664,584,606,612,853,2109,1335,953,643,526,455
590,1634,2595,1514,608,546,542,790,1996,1446,1374,563,547,404
612,1563,2230,1301,580,563,486,803,2002,1797,1274,574,559,363
581,1749,2261,1549,658,529,438,712,2096,1628,1118,599,510,399
517,1560,2441,1390,669,558,429,748,1986,2023,1084,567,482,384
511,1500,2341,1227,694,572,418,823,2022,1816,1148,575,495,394
527,1468,2506,1581,709,580,434,738,2122,1848,1074,555,503,369
679,1289,2518,1443,649,611,438,853,1867,2103,1064,543,465,362
684,1418,2194,1316,655,559,410,780,2123,1868,980,514,482,370
960,1268,2233,1174,655,531,431,911,1884,1732,1398,507,447,386
1045,1115,1953,1433,620,514,444,981,1764,1600,1755,552,499,379
937,1272,1656,1642,676,550,444,870,1898,1398,1589,586,524,382
817,1877,1452,1590,619,538,442,750,1901,1258,1392,548,534,384
709,1808,1656,1747,644,578,463,653,1655,1760,1646,600,530,424
853,1569,1611,1917,1328,705,431,854,2003,2024,1770,1461,729,394
783,1851,1494,1989,2278,829,493,786,2428,1906,1568,2012,740,406
1063,2079,1780,2088,2627,969,489,757,2177,2270,2323,2731,922,449
985,1973,1612,1852,2338,955,449,674,1850,2586,2141,2485,850,416
864,2018,1382,1748,2443,927,485,902,1610,2297,1925,2110,767,418
1402,1890,1290,1696,2139,820,453,1217,1543,1934,1633,1776,677,386
1478,1633,1819,2791,2207,854,453,1230,1680,2226,2623,1904,757,391
1307,1705,1677,2600,1925,764,438,1082,1918,1990,2436,1672,683,387
1119,1638,1505,2252,1821,751,438,996,1972,1684,2077,1587,599,384
1511,2034,1828,1904,1573,675,440,1034,1973,1631,1747,1373,535,392
1385,2270,2192,2303,1717,723,421,915,1718,2332,1947,1516,557,408
1191,2014,2065,2069,1527,699,470,839,1723,2137,1726,1351,573,404
1020,1715,2269,1764,1306,621,442,721,1768,2104,1468,1159,529,374
1320,1699,2258,1860,3537,2098,773,917,2158,1815,1685,3507,2223,778
1205,2986,2118,1638,3559,2302,741,845,2405,1881,1563,3977,2364,771
1324,2937,2026,1834,3074,2033,665,1169,2145,1658,1343,3555,1974,683
2070,2539,1935,1642,2590,1728,661,1862,1820,1416,1171,2995,1650,687
3306,2137,1676,1475,2162,1456,538,3412,1534,1272,1148,2503,1389,541
3058,1951,1421,1475,1811,1226,473,3208,1294,1496,1337,2083,1169,473
3879,1849,1513,1379,1523,1046,423,3912,1090,1442,1457,1745,992,426
3741,1974,1342,1558,1285,892,454,4058,977,1398,1470,1457,846,408
3318,1903,1657,1683,1091,769,426,3446,848,1270,1287,1230,731,376
2797,1768,1497,1862,936,673,440,2876,960,1291,1737,1041,643,378
2339,1522,2084,1795,860,766,451,2385,880,1739,1593,890,626,389
1956,1377,1952,1692,883,705,457,1990,1074,1883,1433,762,553,364
2025,1323,1880,1750,807,701,465,2181,978,1663,1219,656,674,378
2169,1699,2315,2578,707,730,437,2589,1215,1423,1466,612,545,354
2917,1930,2682,2375,843,674,531,2948,1383,1771,1342,630,581,368
3387,2120,2932,2027,772,636,479,3233,1494,2070,1224,575,521,363
3007,2125,2581,1711,704,639,436,2832,1491,1908,1214,555,545,343
2540,2175,2182,1604,750,580,420,2391,1641,2381,1063,531,497,323
2123,2236,2263,1415,782,648,426,2000,1816,2757,1056,574,595,327
1784,1980,2487,1557,797,599,426,1677,1802,2785,1499,606,552,362
1484,1956,2727,1901,845,701,427,1406,1674,2811,1435,640,551,350
2168,2046,3087,2037,824,733,451,2068,1827,2867,1268,604,511,385
1994,1934,2725,1834,786,741,415,1895,1784,2667,1246,584,556,371
2140,1666,2303,1674,727,673,431,1922,1545,2277,1305,609,520,355
1887,1865,1935,1501,1051,653,457,1679,1601,1917,1408,645,523,450
1674,1879,1626,1719,849,587,428,1419,1693,1717,1241,633,479,428
1426,1814,1678,1482,750,637,441,1199,1489,1747,1389,707,551,382
1359,1677,1804,1386,804,583,493,1240,1437,2014,1361,634,515,432
1184,1636,2348,1526,783,610,429,1093,1763,2559,1220,568,545,378
1346,1506,2582,1467,754,579,437,1317,1587,2493,1080,563,490,342
1209,1727,2282,1434,989,579,407,1182,1672,2534,1060,602,522,366
1129,1579,1928,1654,729,540,415,1228,1853,2381,1384,544,474,350
984,1423,1630,1486,705,560,410,1082,1641,2045,1264,549,454,347
1068,1223,1763,1378,631,511,474,1169,1396,1717,1094,499,407,386
948,1047,1864,1314,668,523,450,1034,1356,1492,994,471,394,364
1084,899,1673,1473,634,492,410,1022,1176,1840,855,448,416,340
977,914,1433,1489,615,536,380,898,1023,1801,1091,442,442,312
1090,866,1417,1315,631,548,380,1024,862,1552,1043,460,418,299
982,943,1298,1472,599,529,387,926,993,1937,919,508,434,316
1006,800,1145,1420,638,571,441,970,892,1785,890,608,539,392
895,886,1192,1396,641,791,1219,866,1012,1509,1044,680,664,862
1052,820,1229,1322,694,741,1199,974,1240,1689,1052,620,608,836
952,868,1606,1406,718,714,1054,874,1228,1788,932,548,581,745
1194,771,1477,1357,720,682,896,1080,1160,1573,856,504,574,649
1125,755,1352,1653,719,646,784,1022,1025,1326,888,432,556,565
1044,807,1196,1778,758,607,657,927,905,2229,1104,628,568,453
910,1230,1652,2147,739,580,596,798,1302,2491,1027,663,522,431
1062,1279,2211,1923,868,554,532,878,1438,2673,1117,594,618,390
966,1135,2185,1644,800,562,474,781,1477,3809,1097,690,605,387
996,1172,2581,1505,730,620,430,933,1299,3723,1358,755,541,360
886,1236,3179,1733,838,656,426,853,1382,3824,1230,706,553,380
1206,1280,2851,1587,1039,632,432,1025,1225,4018,1130,716,560,357
1116,1496,2415,1975,1045,648,402,933,1428,3498,1149,671,555,350
989,1460,2600,1987,1142,648,406,916,1421,3358,1129,665,551,362
861,1450,3229,2226,1211,650,415,808,1314,3228,1373,889,611,349
981,1367,2899,2206,1092,692,425,864,1514,3905,1261,829,573,351
913,1190,3172,2082,945,674,424,776,1353,3867,1387,753,622,335
938,1183,3675,2452,1050,735,426,856,1273,4049,1413,702,670,334
846,1321,3290,2455,946,669,421,771,1270,3899,1466,867,610,342
887,1185,3517,2844,1098,641,417,849,1508,4055,1521,871,546,347
795,1018,3176,2525,1019,581,425,773,1453,4087,1454,902,521,330
923,880,2695,2532,1064,599,426,865,1309,3550,1273,893,548,342
847,764,2793,2591,1026,587,398,788,1312,2978,1861,925,575,351
892,840,3760,2532,1035,636,411,832,1417,3789,1719,904,603,359
828,1040,3529,2520,1138,621,422,811,1633,4033,1809,949,542,339
937,956,3112,2335,1229,687,415,835,1542,4082,1642,858,592,344
849,982,3404,2365,1097,634,412,804,1711,4092,1417,742,547,351
849,921,3349,2493,949,590,397,763,1522,4094,1444,782,540,343
843,862,3132,2295,1003,528,392,822,1394,4090,1259,719,484,331
801,830,2914,2316,910,567,395,725,1569,3920,1261,739,512,339
808,1054,2836,2017,915,628,394,636,1467,3353,1110,695,464,324
808,978,2446,2203,817,604,390,622,1272,2835,943,617,539,326
896,855,2130,2078,762,565,394,612,1421,2647,805,581,497,325
812,786,2603,1853,806,601,405,601,1469,2252,870,553,445,319
814,820,2406,1852,726,543,409,655,1572,1900,1078,585,427,323
728,740,2057,1780,663,538,414,600,1524,1595,981,636,475,338
704,794,1735,1575,3151,2849,1134,527,1533,1890,1257,2407,2750,1839
630,809,2527,2911,3906,3845,1377,546,1344,2094,1925,3757,3826,2209
719,747,3035,2741,3889,3925,2433,594,1268,2221,1779,4027,3941,2539
658,1057,2713,2349,3356,3399,2284,550,1999,2189,1524,3465,3424,2311
584,988,2406,1971,3947,3042,1964,531,1851,2853,2236,3196,2860,1975
520,1125,2040,2302,3557,3670,1655,476,1883,2573,2062,3366,2527,1652
639,1018,2408,2532,3987,3474,1402,596,2234,2390,2197,3161,2647,1558
598,1250,2141,2236,3552,3238,1187,548,2354,2933,1940,2706,2191,1342
522,1445,2453,2378,3986,2762,1088,516,2166,3222,1964,2269,1827,1138
524,1451,2286,2154,3534,2319,947,499,2330,2840,1711,1938,1903,974
518,1743,1960,2586,3073,1965,940,562,2467,2420,1535,1834,1735,829
474,1701,2542,2432,2670,2173,833,514,2355,2633,1827,2000,1735,843
634,1963,2299,2084,3106,2260,745,630,2263,2326,1714,1948,1577,794
603,2030,2476,2459,2761,1981,753,580,2346,1959,1474,1809,1503,804
563,2330,2272,2196,3258,1675,715,518,2571,2135,1504,1588,1459,717
623,2385,1942,1963,2899,1806,779,457,2437,2097,1935,1925,1278,631
695,2553,1638,2153,2710,1694,707,518,2523,1815,1851,1735,1086,545
631,2772,2085,1909,2918,1532,679,481,2509,1803,1623,1499,1046,524
621,2592,2006,1739,2566,1824,686,498,2170,1763,1367,1506,1089,592
557,2654,2656,2055,2565,1644,627,454,2318,2326,1908,1317,982,544
612,2315,2411,2339,2216,1428,727,541,2188,2524,1745,1649,928,598
568,2181,2113,2083,2354,1304,670,505,2022,2225,1552,1497,879,552
500,1875,1796,1799,2068,1346,683,521,1735,1869,1321,1821,984,528
535,1585,2240,1545,1920,1391,618,541,1867,1793,2235,1647,922,541
603,1340,2023,2109,1835,1266,554,502,1647,1774,2088,1427,799,550
590,1667,2134,1929,1588,1466,567,479,1974,2238,1864,1210,783,506
531,1797,1911,2259,1942,1318,625,458,1773,2329,2035,1046,867,494
601,1869,1837,2015,2019,1173,577,467,1594,2029,1798,1309,838,479
557,1643,1656,2215,2144,1100,540,476,1374,1721,1759,1255,863,471
520,1780,1805,2093,1884,1090,536,574,1947,1512,1736,1285,867,475
512,1863,1601,2189,1957,1191,559,527,2539,2012,2029,1253,785,473
622,2052,1803,1921,1717,1257,635,471,2390,1909,1876,1239,811,490
738,2353,2045,1890,1894,1142,590,550,2103,1805,1624,1095,735,482
679,2177,1909,2668,1758,1187,550,518,1808,1735,1694,933,727,439
602,1869,1644,2508,1532,1185,556,525,1750,1989,1740,1081,723,481
535,1881,2252,2151,1659,1047,552,580,1522,1766,2215,1123,756,442
807,2039,2061,1975,1746,1013,534,525,1994,1714,2002,1135,685,421
766,2319,1946,1995,1693,975,542,469,2278,1479,1712,1001,633,407
722,2527,1776,2038,1867,2953,943,579,2210,1878,1709,1546,2865,1921
658,3011,1776,1784,1755,2881,1316,651,2039,1947,1487,1446,2845,1917
585,2683,1992,1512,1515,2484,2343,603,1752,1764,1262,1241,2461,1820
617,2590,1777,1674,1291,2093,2210,724,1475,1740,1358,1055,2071,1568
846,2262,1710,1490,1097,1747,1897,800,1463,1597,1754,903,1729,1326
1075,1981,1816,1558,1121,1481,1604,1095,2075,1648,1622,834,1452,1123
984,2039,1625,1518,1035,1248,1348,1019,1907,1677,1402,729,1223,960
858,2347,1561,1498,1138,1064,1150,885,2522,2077,1606,729,1039,818
744,2087,1743,1770,1027,914,982,776,2278,1884,1437,765,892,702
956,1776,1798,2038,1305,784,845,763,1937,1863,1460,734,760,614
886,1884,1576,1946,1193,701,733,710,1633,2050,1279,798,692,541
779,1710,1622,1856,1037,666,636,706,2071,1831,1161,886,604,481
682,1774,1544,1606,955,652,567,897,2721,2189,1241,796,636,425
664,1560,2216,2053,872,616,502,826,2473,2193,1305,695,580,385
940,1764,2046,1858,892,672,454,743,2103,1981,1278,610,596,409
875,1716,2034,1896,800,611,440,663,1980,2137,1834,684,563,376
929,2036,1772,1660,700,569,433,876,2296,2293,1684,624,555,376
1029,1902,2086,2072,800,672,450,1052,2049,2013,1502,652,499,351
942,1640,1870,1941,841,652,422,974,1877,2116,1365,659,479,400
1037,1656,1951,1803,854,672,448,915,1706,1855,1250,627,499,379
1116,1810,1701,1710,836,623,499,827,1631,2009,1461,627,518,377
993,2237,1939,1774,766,563,471,724,2367,1795,1310,675,484,373
865,2222,2307,2056,785,637,473,785,2257,1759,1124,615,465,353
1037,2199,2070,1842,706,589,464,931,2039,1700,1090,622,459,345
959,1913,1875,1572,622,546,454,843,1724,2254,1261,664,487,365
1011,1616,1602,2051,710,581,418,1023,1850,2318,1515,626,508,346
908,1368,2086,1864,662,538,437,1019,1628,2038,1624,558,490,370
789,1747,1901,1596,661,508,437,901,1924,1932,1438,577,462,386
691,1687,1675,1381,596,518,444,779,1726,1741,1221,527,453,392
602,1469,1596,1307,711,518,459,679,1777,1497,1361,490,457,387
774,1243,1555,1221,662,530,439,691,1897,1317,1208,517,430,395
718,1459,1647,1174,658,535,452,623,1718,1158,1041,497,418,370
714,1939,1750,1332,686,571,438,643,1960,1353,914,554,414,360