L0,L1,R0,R1
300, 363, 258, 358
320, 366, 282, 354
308, 358, 272, 346
292, 350, 254, 347
322, 341, 281, 338
319, 352, 278, 358
305, 335, 259, 334
308, 331, 251, 342
298, 339, 285, 349
311, 359, 271, 369
289, 356, 259, 368
309, 382, 285, 399
312, 416, 294, 414
318, 412, 303, 406
310, 420, 282, 407
318, 408, 288, 404
310, 393, 281, 372
310, 362, 269, 348
292, 334, 257, 317
318, 327, 263, 326
308, 343, 270, 321
308, 359, 258, 307
308, 343, 270, 317
308, 346, 260, 317
302, 345, 273, 316
311, 361, 261, 335
338, 397, 276, 375
335, 402, 290, 385
312, 377, 295, 409
299, 365, 284, 461
332, 395, 328, 465
322, 411, 316, 489
314, 438, 321, 498
350, 430, 336, 482
339, 418, 317, 511
339, 452, 335, 564
341, 510, 349, 588
377, 518, 361, 608
354, 510, 352, 626
371, 486, 360, 655
354, 512, 373, 700
360, 523, 371, 718
347, 533, 362, 716
375, 502, 405, 672
356, 527, 373, 658
365, 551, 364, 638
380, 544, 343, 610
374, 540, 347, 614
366, 574, 354, 642
398, 594, 386, 660
394, 582, 369, 647
390, 559, 360, 649
365, 526, 339, 680
364, 526, 389, 673
339, 472, 381, 668
337, 447, 366, 647
357, 457, 381, 609
351, 513, 349, 613
359, 547, 349, 614
387, 539, 354, 610
382, 554, 354, 625
373, 561, 359, 626
397, 551, 342, 614
367, 509, 326, 546
346, 464, 301, 490
337, 411, 330, 489
322, 414, 318, 500
305, 412, 314, 484
338, 400, 335, 442
326, 396, 315, 402
330, 398, 302, 387
528, 410, 296, 412
365, 400, 291, 416
327, 422, 280, 384
322, 423, 286, 479
345, 452, 346, 563
357, 490, 349, 665
381, 526, 399, 741
384, 536, 378, 772
380, 562, 410, 773
352, 530, 414, 765
356, 569, 386, 754
359, 563, 412, 723
370, 547, 380, 681
358, 500, 376, 669
333, 476, 373, 598
328, 468, 344, 549
360, 499, 316, 493
363, 515, 309, 464
348, 511, 307, 498
381, 510, 314, 574
376, 516, 368, 642
375, 507, 368, 650
358, 482, 366, 609
357, 509, 342, 569
374, 553, 362, 541
383, 578, 343, 511
376, 584, 310, 480
364, 549, 313, 505
361, 518, 337, 541
347, 693, 337, 565
355, 497, 318, 577
351, 501, 359, 589
355, 486, 359, 579
348, 440, 334, 539
329, 418, 336, 535
332, 432, 329, 540
331, 467, 324, 596
339, 515, 340, 754
363, 1880, 334, 2050
819, 3652, 890, 3686
2263, 4006, 2422, 4013
3289, 3852, 3360, 3817
3144, 3284, 3188, 3257
3904, 2752, 3913, 2721
4056, 2292, 4058, 2272
4087, 1925, 4087, 1896
4093, 1612, 4093, 1591
4094, 1364, 4086, 1444
4094, 1436, 4093, 1500
3850, 1269, 3792, 1315
4046, 1441, 4034, 1286
4085, 1302, 4082, 1127
4093, 1261, 4092, 1177
4094, 1102, 4094, 1059
4094, 951, 4094, 955
3746, 1059, 3578, 912
3183, 1109, 3009, 995
2655, 1229, 2508, 1035
2215, 1334, 2267, 1146
1856, 1331, 1901, 1201
1921, 1305, 1641, 1228
1678, 1326, 1743, 1305
1422, 1470, 1537, 1397
1403, 1430, 1330, 1357
1384, 1437, 1346, 1392
1248, 1525, 1344, 1459
1263, 1451, 1309, 1555
1303, 1515, 1313, 1527
1298, 1499, 1386, 1595
1290, 1423, 1377, 1588
1307, 1425, 1358, 1608
1358, 1497, 1400, 1601
1471, 1605, 1596, 1553
1594, 1590, 1551, 1530
1634, 1667, 1644, 1592
1645, 1711, 1602, 1686
1665, 1625, 1423, 1529
1417, 1596, 1393, 1512
1399, 1602, 1365, 1485
1390, 1430, 1397, 1555
1353, 1488, 1384, 1561
1365, 1479, 1396, 1475
1379, 1494, 1368, 1443
1357, 1522, 1391, 1629
1331, 1434, 1306, 1448
1161, 2486, 1165, 2956
1881, 3773, 1882, 3867
2217, 4030, 2194, 4049
3511, 3854, 3524, 3820
3243, 3284, 3268, 3256
3924, 2759, 3929, 2720
4060, 2302, 4061, 2260
4088, 1935, 4088, 1888
4093, 1624, 4093, 1584
3835, 1372, 3802, 1332
4043, 1411, 4036, 1213
4084, 1235, 4083, 1044
4092, 1294, 4092, 1159
4094, 1146, 4094, 1039
4094, 1074, 4094, 962
4094, 954, 4094, 829
4094, 816, 4094, 781
3758, 859, 3607, 841
3188, 970, 3019, 921
2655, 955, 2523, 1039
2220, 1176, 2099, 1147
1864, 1208, 1756, 1146
1735, 1311, 1515, 1189
1487, 1321, 1706, 1319
1340, 1484, 1522, 1327
1718, 1420, 1658, 1316
1566, 1520, 1678, 1263
1380, 1355, 1462, 1280
1342, 1320, 1286, 1257
1350, 1208, 1330, 1360
1326, 1311, 1364, 1392
1312, 1428, 1336, 1439
1325, 1400, 1372, 1332
1307, 1434, 1355, 1360
1327, 1547, 1358, 1396
1318, 1458, 1391, 1354
1649, 1533, 1495, 1529
1614, 1449, 1527, 1514
1584, 1404, 1619, 1454
1585, 1473, 1594, 1465
1472, 1503, 1522, 1385
1313, 1475, 1358, 1377
1299, 1336, 1341, 1414
1313, 1509, 1317, 1472
1290, 1456, 1338, 1412
1274, 1466, 1363, 1488
1245, 1308, 1311, 1312
1094, 3537, 1132, 3538
2013, 3983, 1997, 3983
1989, 4072, 1994, 4072
3621, 3854, 3524, 3826
4000, 3290, 3980, 3257
4076, 2762, 4072, 2722
4091, 2297, 4090, 2260
4094, 1925, 4094, 1899
4094, 1613, 4094, 1587
3869, 1361, 4094, 1335
4049, 1340, 4094, 1201
4085, 1177, 4094, 1031
4093, 1219, 4094, 1192
4094, 1076, 4094, 1067
4094, 1032, 4094, 1011
4094, 909, 4094, 891
4094, 906, 3765, 846
3662, 811, 3454, 862
3087, 924, 2934, 901
2579, 1030, 2454, 981
2162, 1045, 2206, 1078
1806, 1141, 1748, 1095
1749, 1273, 1474, 1141
1513, 1286, 1526, 1222
1289, 1470, 1340, 1255
1673, 1316, 1605, 1209
1548, 1348, 1631, 1282
1492, 1340, 1551, 1284
1554, 1292, 1510, 1468
1426, 1371, 1378, 1373
1313, 1353, 1387, 1280
1327, 1334, 1364, 1334
1339, 1331, 1396, 1369
1357, 1386, 1419, 1274
1305, 1334, 1387, 1289
1362, 1338, 1388, 1254
1346, 1445, 1456, 1422
1395, 1450, 1379, 1354
1583, 1365, 1639, 1324
1666, 1472, 1634, 1338
1609, 1469, 1677, 1380
1529, 1390, 1559, 1321
1413, 1374, 1414, 1364
1365, 1354, 1402, 1352
1395, 1275, 1358, 1428
1349, 1568, 1378, 1378
1308, 1503, 1333, 1306
1138, 3576, 1165, 3537
1691, 3991, 1663, 3983
1828, 4074, 1756, 4072
2973, 3856, 2858, 3809
3870, 3279, 3847, 3251
4050, 2749, 4045, 2711
4086, 2299, 4085, 2265
3865, 1914, 3793, 1889
4049, 1606, 4034, 1588
4085, 1366, 4082, 1333
4093, 1338, 4092, 1211
4094, 1166, 4094, 1039
4094, 1238, 4094, 1269
4094, 1101, 4094, 1147
4094, 1105, 4094, 1006
4094, 968, 4094, 862
3750, 863, 3621, 847
3498, 899, 3432, 893
2969, 1105, 2940, 1064
2482, 1007, 2460, 1024
2079, 876, 2044, 888
1740, 761, 1710, 772
1472, 668, 1427, 662
1244, 651, 1207, 581
1057, 1092, 1018, 1000
903, 1449, 864, 1288
895, 1360, 866, 1328
1567, 1432, 1496, 1201
1597, 1396, 1693, 1337
1400, 1272, 1500, 1436
1456, 1320, 1415, 1340
1783, 1358, 1824, 1392
1607, 1326, 1656, 1300
1679, 1349, 1645, 1352
1481, 1325, 1616, 1324
1391, 1324, 1500, 1266
1397, 1388, 1379, 1350
1391, 1374, 1400, 1256
1386, 1379, 1378, 1339
1302, 1431, 1326, 1293
1344, 1391, 1304, 1514
1334, 1414, 1379, 1354
1335, 1415, 1364, 1398
1195, 1234, 1240, 1225
1073, 1052, 1113, 1050
938, 908, 958, 894
806, 791, 814, 769
704, 3434, 706, 3429
1300, 3962, 1223, 3961
2106, 4068, 2097, 4068
3027, 3829, 3009, 3834
3881, 3270, 3877, 3255
4052, 2741, 4051, 2719
4086, 2287, 4086, 2263
4093, 1919, 4093, 1891
4094, 1612, 4094, 1577
4094, 1364, 4094, 1321
4094, 1308, 4094, 1266
4094, 1142, 4094, 1094
4094, 1222, 4094, 1103
4094, 1093, 4094, 960
3961, 1130, 3762, 1086
4068, 1002, 4028, 981
3760, 869, 3735, 853
3441, 751, 3299, 719
2921, 654, 2835, 621
2443, 583, 2337, 546
2039, 541, 2077, 500
1708, 515, 1648, 480
1442, 509, 1372, 533
1224, 698, 1148, 636
1037, 651, 976, 612
884, 723, 832, 639
768, 663, 708, 573
667, 588, 619, 513
581, 599, 536, 541
515, 542, 474, 493
462, 496, 416, 446
417, 505, 385, 457
377, 473, 338, 443
337, 458, 319, 411
333, 453, 291, 431
345, 624, 321, 587
359, 576, 373, 671
367, 522, 354, 615
349, 546, 325, 540
346, 542, 323, 568
386, 554, 318, 543
361, 511, 314, 503
342, 466, 308, 483
334, 478, 335, 454
340, 457, 315, 506
328, 575, 315, 712
355, 537, 357, 792
1051, 3383, 1019, 3434
1340, 3952, 1307, 3962
1958, 4066, 1961, 4068
2898, 3857, 2877, 3820
3855, 3285, 3851, 3252
4047, 2751, 4046, 2716
4085, 2303, 4085, 2262
4093, 1921, 4093, 1894
4094, 1610, 4094, 1583
4094, 1349, 4094, 1329
4094, 1255, 4094, 1318
4094, 1083, 4094, 1146
4094, 1205, 3774, 1225
4094, 1080, 4030, 1085
3838, 1135, 3753, 972
4043, 1011, 4026, 839
4008, 899, 3975, 955
3451, 935, 3411, 999
2971, 995, 2859, 1092
2499, 1208, 2384, 1188
2072, 1231, 1990, 1332
1744, 1367, 1662, 1392
1713, 1299, 1488, 1224
1498, 1389, 1496, 1428
1275, 1501, 1304, 1395
1430, 1388, 1358, 1359
1280, 1542, 1417, 1395
1289, 1572, 1309, 1411
1350, 1584, 1331, 1403
1450, 1556, 1500, 1390
1550, 1613, 1593, 1385
1600, 1519, 1641, 1407
1561, 1598, 1653, 1419
1389, 1452, 1455, 1438
1305, 1500, 1380, 1367
1357, 1525, 1341, 1415
1348, 1493, 1408, 1435
1352, 1557, 1359, 1457
1386, 1541, 1345, 1435
1385, 1600, 1371, 1528
1382, 1470, 1351, 1452
1384, 1524, 1340, 1462
1372, 1512, 1472, 1474
1617, 1547, 1553, 1478
1601, 1525, 1627, 1529
1575, 1416, 1565, 1348
1383, 2220, 1348, 1988
1174, 3720, 1146, 3673
1710, 4020, 1667, 4010
2034, 4080, 1985, 4078
3002, 3851, 3008, 3822
3876, 3288, 3877, 3253
4002, 2748, 3783, 2714
4076, 2296, 4032, 2265
4091, 1918, 4082, 1886
4094, 1622, 4092, 1580
4094, 1370, 4094, 1339
4094, 1388, 4094, 1199
4094, 1300, 4094, 1087
3843, 1282, 3780, 1179
4044, 1123, 4032, 1055
3824, 967, 4082, 927
4040, 842, 4092, 806
4082, 985, 4077, 850
3524, 1054, 3515, 912
2956, 1038, 2932, 1025
2472, 1138, 2451, 1185
2060, 1289, 2042, 1262
1975, 1321, 1696, 1263
1754, 1374, 1472, 1327
1494, 1484, 1464, 1299
1264, 1307, 1275, 1329
1444, 1212, 1411, 1308
1288, 1393, 1379, 1342
1253, 1426, 1277, 1378
1378, 1407, 1327, 1482
1323, 1399, 1335, 1373
1313, 1467, 1407, 1498
1526, 1423, 1557, 1418
1543, 1433, 1588, 1440
1553, 1400, 1581, 1403
1533, 1396, 1573, 1429
1389, 1541, 1413, 1513
1373, 1575, 1405, 1406
1317, 1472, 1346, 1406
1316, 1466, 1378, 1387
1356, 1564, 1377, 1551
1348, 1432, 1400, 1431
1330, 1374, 1324, 1429
1314, 1589, 1378, 1467
1340, 1499, 1358, 1434
1482, 1519, 1548, 1506
1509, 1337, 1560, 1331
1328, 2441, 1368, 2145
1144, 3764, 1163, 3705
1680, 4028, 1679, 4017
2456, 4081, 2462, 4079
3083, 3771, 3010, 3631
3892, 3209, 3878, 3047
4054, 2678, 4051, 2543
4086, 2228, 4086, 2114
4093, 1871, 4093, 1762
4094, 1570, 4094, 1478
4094, 1331, 4094, 1274
3827, 1239, 3794, 1171
4041, 1203, 4034, 1163
3846, 1256, 4082, 1192
4045, 1112, 4092, 1049
4085, 961, 4094, 929
4093, 827, 4094, 809
4015, 898, 3612, 817
3440, 930, 3034, 873
2877, 1035, 2530, 1005
2397, 934, 2165, 909
2013, 814, 1814, 785
1683, 715, 1526, 685
1416, 634, 1278, 584
1200, 1003, 1082, 1300
1017, 1447, 914, 1464
1138, 1411, 1076, 1469
1873, 1615, 1820, 1421
1774, 1472, 1704, 1508
1558, 1373, 1804, 1485
1330, 1370, 1588, 1405
1426, 1533, 1385, 1441
1446, 1549, 1549, 1493
1289, 1437, 1413, 1380
1414, 1543, 1386, 1492
1348, 1452, 1461, 1523
1294, 1568, 1307, 1400
1479, 1505, 1479, 1432
1561, 1477, 1613, 1436
1579, 1541, 1600, 1474
1640, 1597, 1663, 1551
1492, 1506, 1536, 1454
1344, 1507, 1433, 1441
1348, 1312, 1341, 1245
1214, 1128, 1262, 1099
1045, 970, 1088, 937
895, 833, 931, 807
776, 1981, 787, 2027
945, 3672, 947, 3681
2280, 4010, 2378, 4012
3329, 3838, 3357, 3812
3255, 3272, 3214, 3247
3927, 2750, 3918, 2722
4061, 2282, 4059, 2252
4088, 1906, 4087, 1886
4093, 1610, 4093, 1579
4094, 1434, 4039, 1404
4094, 1269, 4083, 1197
3848, 1136, 3791, 1161
4045, 1222, 4034, 1108
4085, 1088, 4082, 1042
4093, 1196, 4092, 1130
4094, 1066, 4094, 1009
4094, 930, 4094, 867
3740, 797, 3638, 744
3175, 693, 3066, 702
2659, 705, 2551, 619
2211, 699, 2126, 647
1853, 646, 1773, 687
1555, 579, 1481, 751
1320, 543, 1246, 688
1105, 667, 1055, 716
949, 673, 895, 802
819, 796, 768, 766
700, 736, 654, 733
616, 654, 580, 705
544, 596, 502, 625
472, 580, 449, 561
436, 600, 397, 589
408, 595, 360, 646
374, 597, 476, 610
369, 653, 376, 659
403, 697, 345, 632
425, 797, 361, 614
409, 732, 333, 574
381, 646, 318, 614
361, 627, 351, 589
393, 703, 365, 588
403, 641, 347, 599
427, 569, 321, 536
399, 532, 318, 520
355, 552, 328, 600
341, 550, 338, 633
409, 587, 390, 691
387, 2270, 361, 2526
1484, 3730, 1349, 3781
2340, 4022, 2301, 4032
3591, 3828, 3465, 3814
3303, 3285, 3185, 3257
3936, 2745, 3913, 2718
4063, 2285, 4058, 2254
4088, 1926, 4087, 1877
4093, 1606, 4093, 1577
3855, 1352, 3808, 1332
4047, 1320, 4037, 1381
4085, 1152, 4083, 1217
4093, 1309, 4092, 1274
4094, 1175, 4094, 1114
4094, 1042, 4094, 1006
4094, 896, 4094, 881
4094, 777, 4094, 781
3757, 871, 3628, 916
3193, 1027, 3052, 906
2664, 987, 2552, 1188
2226, 1236, 2121, 1236
1860, 1307, 1761, 1248
1753, 1347, 1508, 1388
1517, 1409, 1707, 1394
1326, 1461, 1519, 1486
1725, 1483, 1647, 1411
1577, 1521, 1654, 1496
1398, 1365, 1431, 1493
1340, 1456, 1276, 1445
1348, 1337, 1302, 1373
1344, 1398, 1373, 1474
1321, 1443, 1326, 1445
1336, 1341, 1352, 1480
1324, 1465, 1361, 1584
1327, 1385, 1377, 1477
1358, 1524, 1377, 1695
1467, 1527, 1528, 1704
1610, 1425, 1616, 1668
1606, 1410, 1694, 1630
1594, 1490, 1814, 1510
1491, 1406, 1594, 1486
1362, 1494, 1424, 1475
1349, 1443, 1408, 1582
1357, 1450, 1405, 1586
1343, 1512, 1359, 1555
1352, 1498, 1413, 1683
1335, 1369, 1300, 1486
1163, 3549, 1126, 3573
2004, 3985, 1982, 3990
2041, 4073, 2033, 4074
3598, 3845, 3534, 3822
3995, 3289, 3982, 3244
4075, 2743, 4072, 2709
4091, 2289, 4090, 2261
4094, 1916, 4094, 1886
4094, 1617, 4094, 1578
3855, 1346, 4094, 1326
4047, 1324, 4094, 1336
4085, 1167, 4094, 1171
4093, 1207, 4094, 1297
4094, 1071, 4094, 1153
4094, 1191, 4094, 1095
4094, 960, 4094, 958
4094, 952, 3781, 919
3696, 848, 3476, 891
3123, 951, 2951, 923
2611, 1078, 2460, 1051
2177, 1137, 2058, 1065
1821, 1297, 1710, 1142
1742, 1301, 1487, 1192
1498, 1330, 1504, 1340
1274, 1416, 1320, 1426
1637, 1411, 1596, 1264
1485, 1431, 1645, 1330
1470, 1442, 1515, 1391
1482, 1431, 1496, 1488
1382, 1458, 1356, 1455
1314, 1321, 1364, 1251
1304, 1460, 1320, 1455
1297, 1410, 1343, 1344
1313, 1412, 1339, 1371
1303, 1469, 1343, 1373
1348, 1445, 1339, 1404
1340, 1481, 1367, 1467
1374, 1547, 1405, 1452
1582, 1450, 1616, 1382
1626, 1514, 1608, 1365
1561, 1489, 1645, 1455
1504, 1457, 1552, 1395
1388, 1473, 1412, 1451
1323, 1449, 1410, 1438
1332, 1445, 1342, 1439
1311, 1588, 1372, 1506
1272, 1403, 1324, 1322
1112, 3556, 1151, 3540
1685, 3987, 1685, 3984
1797, 4073, 1761, 4072
2954, 3844, 2887, 3817
3866, 3284, 3853, 3254
4049, 2756, 4046, 2710
4085, 2289, 4085, 2255
3842, 1925, 3785, 1885
4044, 1606, 4033, 1570
4084, 1359, 4082, 1318
4092, 1384, 4092, 1226
4094, 1219, 4094, 1052
4094, 1240, 4094, 1260
4094, 1099, 4094, 1130
4094, 1111, 4094, 981
4094, 984, 4094, 837
3737, 904, 3628, 781
3477, 848, 3420, 834
2969, 988, 2919, 1002
2495, 947, 2448, 914
2075, 835, 2030, 784
1746, 735, 1696, 680
1467, 644, 1428, 600
1242, 701, 1202, 542
1058, 1183, 1028, 1066
905, 1598, 868, 1362
902, 1536, 845, 1388
1561, 1542, 1471, 1400
1605, 1425, 1681, 1444
1418, 1420, 1501, 1371
1503, 1487, 1402, 1366
1742, 1554, 1856, 1487
1558, 1498, 1684, 1392
1686, 1511, 1658, 1415
1497, 1425, 1568, 1415
1402, 1335, 1475, 1367
1378, 1514, 1374, 1415
1380, 1494, 1384, 1379
1377, 1518, 1398, 1453
1305, 1542, 1338, 1474
1336, 1539, 1338, 1646
1358, 1526, 1438, 1465
1335, 1500, 1363, 1461
1215, 1315, 1248, 1274
1041, 1121, 1067, 1089
894, 961, 917, 934
771, 2077, 933, 2047
1180, 3691, 1165, 3685
1396, 4014, 1462, 4013
2052, 4078, 2058, 4078
2949, 3849, 2892, 3826
3865, 3293, 3854, 3253
4049, 2748, 4046, 2709
4085, 2299, 4085, 2251
4093, 1912, 4093, 1944
4094, 1607, 4094, 1593
4094, 1364, 4094, 1327
4094, 1271, 3814, 1169
4094, 1271, 4038, 1129
3846, 1185, 3756, 1104
4045, 1285, 4027, 1068
4085, 1008, 4081, 939
4093, 847, 4092, 817
4061, 728, 3872, 699
3504, 632, 3303, 613
2940, 555, 2758, 533
2451, 528, 2301, 516
2029, 476, 1913, 488
1706, 505, 1607, 486
1441, 499, 1345, 509
1223, 561, 1128, 525
1040, 572, 960, 601
876, 563, 814, 565
768, 543, 699, 556
667, 537, 611, 537
586, 522, 526, 529
522, 476, 463, 504
463, 480, 411, 456
403, 461, 372, 452
374, 467, 340, 460
347, 450, 312, 466
351, 438, 304, 451
331, 452, 312, 487
335, 470, 348, 460
327, 443, 330, 437
318, 451, 323, 424
334, 452, 323, 488
318, 442, 316, 476
330, 409, 304, 438
314, 390, 280, 414
332, 403, 288, 378
316, 423, 277, 378
311, 387, 293, 431
317, 358, 306, 401
305, 405, 288, 409
313, 444, 323, 442
313, 409, 299, 387
311, 425, 279, 369
317, 418, 297, 400
324, 384, 290, 412
322, 401, 302, 394
325, 400, 294, 432
323, 407, 278, 468
312, 403, 299, 455
314, 434, 308, 445
326, 450, 292, 448
336, 449, 293, 436
327, 422, 277, 409
295, 384, 273, 426
312, 381, 277, 418
316, 429, 304, 501
334, 428, 312, 478
359, 521, 328, 476
369, 582, 315, 492
371, 572, 338, 580
379, 576, 350, 674
341, 549, 346, 669
361, 555, 372, 676
360, 505, 352, 677
343, 525, 340, 621
378, 559, 343, 612
364, 562, 333, 607
340, 516, 329, 548
365, 558, 352, 625
361, 583, 361, 687
362, 579, 345, 695
390, 619, 386, 738
370, 574, 370, 707
398, 586, 338, 593
394, 607, 342, 555
351, 554, 339, 635
381, 569, 384, 690
357, 537, 365, 647
373, 565, 359, 624
374, 651, 376, 651
435, 679, 392, 709
417, 689, 376, 665
387, 636, 351, 587
395, 672, 337, 574
396, 651, 337, 524