L0,L1,L2..L6,R0,R2..,R6
352,501,882,1859,1009,1143,1368,319,481,840,1454,1005,1184,1609
348,501,854,1649,1039,999,1188,294,482,877,1228,864,1069,1352
342,461,896,1408,926,868,1019,312,456,839,1362,920,930,1190
328,421,846,1220,891,845,875,301,438,805,1518,904,793,1022
343,445,928,1412,1183,751,759,282,439,793,1354,1036,758,880
327,426,909,1489,1137,2933,2519,317,456,910,1466,997,3365,2367
367,467,941,3499,2441,3862,2467,302,580,1009,3569,2766,3949,3477
352,1637,3464,3876,3253,4048,3199,348,1552,3477,3807,3551,4065,3188
938,3603,3968,3404,2945,4022,2891,912,3586,3571,3326,3503,3919,2696
1657,3996,3552,2871,2491,3469,2455,1624,3993,3248,2799,3019,3349,2260
2473,3836,2992,2399,2097,2912,2059,2444,3789,2624,2331,2530,2807,1885
2277,3284,2507,2003,1759,2425,1726,2256,3233,2174,1938,2114,2335,1589
3203,2751,2096,1684,1486,2029,1454,3085,2711,1810,1623,1770,2103,1333
3916,2299,1754,1418,1251,1701,1234,3893,2256,1510,1369,1478,1661,1121
4059,1928,1482,1357,1071,1434,1052,4054,1881,1284,1254,1248,1383,952
4087,1617,1254,1217,937,1214,901,4086,1579,1079,1424,1074,1195,820
3845,1364,1069,1261,962,1034,775,3770,1331,1078,1404,918,995,709
4045,1148,917,1234,967,889,669,4030,1122,1014,1364,954,844,613
4085,984,844,1579,987,862,929,4082,950,1145,1348,1022,720,583
4093,1004,980,1935,1439,1604,1022,4092,975,1052,1295,969,968,601
4094,892,888,1845,1196,1524,952,4094,867,918,1232,931,900,600
4094,897,1000,1871,1240,1322,840,3706,766,905,1516,1167,888,544
4094,800,1002,1634,1096,1125,728,3201,690,927,1548,1230,785,494
3692,702,999,1485,1260,953,641,2681,608,939,1432,1130,683,435
3136,707,885,1489,1168,833,564,2349,744,1034,1484,1138,622,428
2623,752,824,1303,1014,723,501,1984,793,956,1316,1032,557,392
2191,772,752,1325,1049,651,453,1665,829,1048,1286,1118,551,357
1831,886,802,1313,985,651,429,1397,884,931,1131,1031,522,359
1539,901,874,1152,1089,720,429,1173,976,815,1245,1095,584,335
1300,1022,1002,1127,1142,722,429,1002,1029,873,1363,1014,617,338
1279,1073,910,1439,1322,3420,2127,1259,1097,913,1627,2140,2440,2870
1121,1128,1338,2011,1680,3628,2211,1152,1067,881,1722,2040,2418,3282
1229,1054,1247,1843,1529,3169,1933,1139,1036,880,1670,1764,2085,2903
1103,1144,1107,2176,1314,2667,1643,1144,1057,867,1566,1484,1765,2444
1035,1134,1062,1952,1124,2233,1575,1094,1073,875,1548,1261,1482,2139
962,1121,1122,1662,956,1867,1373,1011,993,832,1430,1068,1256,1800
1018,1127,1003,1713,1166,1568,1209,1003,1041,804,1508,1130,1056,1673
982,1147,1018,1577,1065,1326,1038,1040,1037,787,1334,998,947,1493
980,1199,975,1490,1069,1126,1072,1016,1057,890,1320,929,898,1347
994,1119,888,1522,953,966,956,1020,1049,805,1373,1043,954,1327
1005,1152,950,1451,870,830,859,1024,1036,859,1295,941,934,1162
977,1068,959,1667,858,722,751,1020,1052,867,1518,889,882,1129
1003,1086,1014,1579,1022,1900,1385,991,1054,825,1547,971,1323,2236
1159,1113,1015,1751,962,1848,1625,1177,1065,816,1375,1085,1301,2126
1171,1154,1268,2050,985,1596,1465,1183,1100,903,1465,971,1130,1832
1213,1153,1159,1832,1119,1366,1348,1182,1079,982,1290,925,1014,1896
1149,1168,1087,1675,1013,1163,1352,1202,1111,1082,1371,861,913,1939
1085,1099,1072,1726,913,991,1344,1079,1054,964,1430,844,983,1696
1050,1118,1085,1867,923,851,1177,1031,1000,874,1269,808,895,1444
1026,1028,1078,1646,823,756,990,999,1069,890,1276,717,888,1200
1049,1099,1020,1619,834,668,860,1021,1091,982,1123,770,776,1029
1039,1135,1030,1533,782,624,752,1004,1095,1039,1037,816,666,1001
1013,1153,914,1407,875,666,657,1021,1120,1111,1344,859,670,781
997,1062,893,1213,971,679,581,985,992,988,1228,940,602,659
887,2739,3454,3518,3181,3411,2647,861,2840,3473,3521,3178,3396,2763
1467,3823,3966,3729,3116,3958,2631,1406,3844,3970,3569,3117,3955,2741
1683,4040,3705,3259,2685,3556,2285,1588,4044,3602,3103,2685,3619,2377
2547,3873,3159,2743,2259,3017,1928,2526,3813,3045,2607,2252,3079,1994
2343,3316,2643,2293,1894,2522,1620,2347,3247,2536,2170,1878,2569,1678
3219,2780,2209,1919,1594,2222,1370,3120,2720,2116,1821,1572,2147,1404
3919,2317,1849,1603,1342,1792,1162,3900,2263,1772,1521,1326,1798,1184
4059,1943,1556,1482,1144,1496,994,4056,1894,1484,1284,1120,1505,1011
4087,1628,1315,1290,979,1264,854,4087,1585,1256,1210,953,1261,868
3843,1387,1118,1162,899,1076,727,4093,1335,1084,1106,822,1071,739
4044,1169,986,1301,935,921,644,4094,1131,907,1118,774,923,641
4084,1000,885,1165,1149,1387,1088,4094,955,780,1189,765,911,685
4092,980,1032,1565,1335,1902,1231,4094,915,835,1174,917,1043,649
4094,864,932,1436,1215,1744,1167,4094,803,759,1458,1181,1023,672
4094,842,840,1529,1078,1500,1023,3638,727,747,1349,1140,911,603
3787,748,763,1356,1130,1274,879,3070,637,663,1253,1086,784,533
3219,655,757,1525,1260,1085,761,2558,658,639,1354,957,675,471
2979,764,766,1664,1169,944,667,2337,678,709,1538,918,623,424
2544,827,776,1477,1013,820,587,2001,720,870,1377,804,545,512
2134,814,807,1257,877,713,523,1678,806,848,1305,874,504,379
1789,867,757,1076,893,625,467,1438,885,1075,1261,883,481,323
1506,935,883,1281,825,554,421,1220,925,1007,1387,992,550,330
1274,966,816,1402,881,561,411,1036,941,965,1232,920,511,345
1258,1003,1017,1791,1794,3388,2245,1182,975,853,1055,1016,2173,3058
1104,1083,1089,2095,1762,3676,2254,1070,999,809,1527,1070,2169,3265
1230,984,985,2027,1536,3224,1962,1105,1015,865,1673,1070,1885,2866
1178,1076,1073,2055,1308,2713,1761,1194,1016,910,1479,949,1589,2415
1047,1079,965,2019,1112,2261,1501,1094,1016,811,1264,937,1339,2015
944,1040,1029,1831,992,1896,1278,991,1076,886,1416,993,1142,1731
1008,976,925,1567,927,1596,1146,962,955,833,1260,780,964,1543
996,1023,805,1322,957,1347,1145,1023,997,725,1293,736,969,1530
991,1092,838,1584,948,1143,1068,980,1081,849,1137,747,934,1333
997,1067,821,1417,866,977,933,982,1053,769,1401,887,820,1361
986,1063,758,1493,786,841,917,990,1069,838,1271,871,893,1193
970,1012,879,1320,785,727,815,990,1039,791,1583,899,804,1305
990,1036,1159,2385,1810,2813,1503,995,1050,1151,2164,1521,1815,2067
1021,1131,1295,2269,1746,2780,1732,1036,1086,1074,1970,1430,1758,1915
1111,1142,1391,2191,1511,2404,1550,1120,1067,1109,2202,1260,1517,1650
1140,1112,1238,2022,1292,2030,1526,1180,1047,1037,2194,1125,1279,1862
1192,1171,1061,1887,1128,1706,1332,1204,1160,1125,2124,1057,1093,1757
1164,1077,1236,1735,1004,1437,1262,1225,1080,1156,1817,1011,1045,1658
1043,1006,1180,1497,930,1218,1101,1079,1127,1055,1697,971,917,1305
992,1126,1122,1535,869,1038,948,985,1070,1045,1721,879,791,1146
981,1157,1191,1437,893,879,819,1031,1071,1385,1604,1063,780,983
1238,1105,1267,1246,915,769,712,999,1076,1265,1644,959,694,850
1006,1132,1127,1683,2223,3429,2105,1003,1138,1285,1866,1565,3414,2514
978,1004,1195,2832,2673,3829,2061,991,1007,1425,2831,2393,3958,2438
859,2904,3515,3842,3557,4041,3009,872,3012,3561,3842,3253,4067,2973
1426,3856,3979,3776,3218,3958,2760,1411,3878,3621,3540,3207,4002,2649
1363,4047,3602,3250,2731,3406,2351,1325,4051,3133,3014,2774,3437,2250
2279,3824,3052,2729,2287,2854,1966,2170,3795,2618,2522,2316,2879,1889
3235,3280,2553,2277,1911,2373,1659,3338,3223,2191,2098,1944,2392,1581
3379,2748,2132,1909,1603,1988,1401,3356,2692,1835,1752,1629,2001,1336
3951,2290,1788,1751,1348,1672,1188,3947,2246,1540,1485,1366,1677,1122
3827,1919,1507,1507,1137,1411,1016,3675,1875,1293,1560,1151,1409,958
4041,1614,1274,1455,983,1199,873,4011,1572,1177,1493,1007,1185,822
4084,1360,1110,1511,871,1021,753,4078,1328,1024,1406,902,1009,701
4092,1154,1054,1426,902,881,661,4091,1117,1005,1427,888,872,614
4094,985,1007,1490,934,1594,1021,4094,945,913,1585,849,917,605
4094,943,1064,1499,1116,1598,1062,4086,909,985,1761,929,875,582
4094,829,1011,1514,1078,1393,946,3751,801,878,1562,1017,766,577
3966,795,1031,1555,1046,1191,823,3187,752,1011,1538,1041,703,524
3743,707,1099,1723,967,1012,715,2963,656,936,1619,978,668,468
3200,707,1039,1781,1065,876,630,2521,651,935,1427,948,587,420
2938,738,1043,1587,1020,760,558,2325,651,977,1451,973,525,381
2504,716,1143,1399,1045,665,494,1984,706,950,1507,973,535,380
2108,816,1025,1196,962,615,446,1654,806,982,1352,994,507,345
1764,746,989,1402,1034,586,431,1394,734,994,1444,1026,583,378
1484,660,1041,1362,1010,551,426,1175,649,884,1306,954,531,359
1252,580,979,1350,942,543,394,999,561,885,1329,1019,515,388
1066,552,1227,1629,1960,3384,2554,857,574,1232,1491,1647,2175,2976
913,762,1415,1615,1876,3705,2563,738,977,1343,2079,1539,2156,3267
788,1290,1275,1551,1610,3256,2237,639,1058,1392,1904,1319,1863,2874
718,1087,1154,1790,1374,2740,1886,741,1095,1284,2161,1126,1581,2422
1139,1161,1118,1596,1169,2292,1588,1125,1073,1543,1913,960,1329,2022
1181,1061,1271,1612,1273,1918,1343,1285,1105,1389,1629,987,1124,1798
1047,1026,1146,1416,1214,1612,1142,1152,1095,1218,1373,875,962,1530
1211,1138,1137,1212,1066,1362,1163,1140,1086,1170,1163,829,935,1547
1307,1153,1174,1176,970,1157,1032,1360,1129,1062,1193,929,830,1447
1163,1105,1182,1383,939,986,892,1231,1051,1015,1273,989,864,1471
1171,1132,1074,1283,1051,849,879,1147,1103,978,1352,1061,976,1271
1099,1074,1455,1453,1043,1060,1095,1055,1090,1020,1398,963,1112,1276
1027,1018,1336,1669,1238,2118,1591,1085,994,1188,1234,1006,1681,2204
975,1136,1309,1770,1524,2016,1651,981,1014,1156,1366,1273,1557,2068
1010,1122,1229,1617,1384,1740,1455,1009,1059,1012,1634,1157,1337,1775
1008,1104,1233,1613,1192,1475,1451,1017,1083,1335,1782,1237,1136,1810
1004,1140,1088,1503,1088,1247,1271,1000,1111,1286,1874,1105,1022,1727
1024,1176,1355,2010,1036,1061,1311,1045,1148,1202,1935,1066,881,1499
988,1099,1235,1834,909,911,1160,1058,1076,1048,1688,994,881,1342
1021,1089,1069,1574,973,787,998,1030,1058,1136,1557,870,824,1175
1013,963,1057,1337,896,683,860,1075,927,1024,1477,877,712,1003
895,835,933,1234,882,645,747,949,807,898,1849,883,676,856
780,729,895,1550,862,603,654,822,693,878,1781,1105,632,747
679,638,866,1898,2128,2924,2394,714,606,900,1939,2207,3088,2311
594,2622,3449,3655,3624,3588,2363,611,2538,3456,3080,3717,3476,2257
888,3800,3727,3598,3375,3214,2032,844,3783,3750,2849,3594,3092,1932
1444,4036,3273,3103,2875,2734,1730,1472,4032,3299,2423,3079,2591,1642
2103,3795,2760,2604,2415,2279,1466,2082,3752,2763,2036,2582,2167,1389
3577,3243,2308,2180,2021,1904,1238,3582,3189,2311,1851,2146,1814,1175
3335,2721,2156,1828,1697,1601,1058,3326,2661,2051,1811,1797,1514,999
3943,2275,1970,1782,1430,1352,908,3941,2224,1729,1568,1512,1279,855
3866,1903,2114,2053,1392,1147,781,4064,1898,1666,2260,1296,1084,728
4049,1599,1948,2065,1472,1122,677,4088,1558,1498,2350,1456,1010,632
4085,1346,1864,1888,1378,1191,641,4093,1310,1788,2048,1298,1069,582
4093,1144,2187,2013,1452,1212,720,4094,1107,1805,1848,1458,1107,639
4094,980,1947,1773,1594,1317,764,4094,940,1509,1572,1470,1118,677
4094,921,1806,1749,1914,1221,882,3593,850,1269,2022,1494,1047,693
4094,807,1906,1753,1829,1264,806,3572,734,1545,2467,1613,1235,620
3597,915,2394,1665,2029,1278,920,3087,838,1847,2587,1621,1293,862
3722,835,2317,1582,1802,1409,883,3001,760,1776,2258,1513,1340,798
3234,731,2269,1778,1537,1529,783,2581,664,1501,1909,1309,1420,701
2769,643,2159,1583,1369,1509,940,2175,577,1725,1791,1322,1449,814
2324,567,2127,1467,1330,1510,983,1806,541,1947,1721,1262,1529,879
1945,574,2017,1741,1429,1334,1120,1520,497,2148,1505,1183,1345,919
1627,589,2012,1833,1517,1172,1013,1279,554,2413,1908,1267,1153,811
1360,538,1752,1787,1498,1236,881,1077,580,2137,2068,1296,1101,711
1395,488,1674,1552,1448,1232,764,916,532,1926,1821,1204,1143,619
1041,562,2170,1901,2003,3276,2130,780,552,1646,2235,1256,2103,2896
861,608,2475,1711,1976,3171,2070,684,626,1933,2012,1376,1986,3052
741,558,2238,1977,1718,2722,1796,595,621,2561,1789,1519,1702,2661
642,626,2051,1930,1456,2292,1689,515,594,2504,1814,1347,1446,2327
562,570,1883,1903,1468,1920,1453,451,597,2338,1591,1284,1218,1967
500,523,1613,2005,1467,1614,1242,410,570,2177,1530,1145,1170,1815
449,520,1370,1814,1563,1362,1061,369,518,1856,1599,1211,1018,1556
409,504,1226,1636,1496,1158,1189,333,519,1565,1543,1277,1090,1563
373,519,1486,1472,1344,988,1072,350,554,1384,1704,1221,1036,1414
344,503,1473,1312,1284,850,932,334,532,1387,1513,1143,903,1418
339,528,1327,1790,1302,780,936,325,500,1516,1288,1183,944,1225
363,576,1265,2202,1372,964,1125,310,563,1520,1266,1300,1004,1301
366,669,1404,2094,1545,1760,1530,317,537,1406,1534,1390,1571,2153
353,619,2132,1808,1384,1668,1578,297,491,1217,1374,1229,1463,2013
351,552,2347,2232,1488,1442,1387,306,482,1234,1621,1519,1261,1725
360,525,2640,2008,1589,1223,1412,328,534,1416,1580,1368,1084,1970
348,549,2489,1713,1776,1052,1465,312,514,1608,1676,1340,1028,1854
336,507,2502,1708,1584,900,1293,305,533,2078,1481,1358,900,1594
335,508,2170,1804,1352,780,1111,296,489,1975,1501,1191,867,1348
331,468,1834,1595,1178,679,951,309,483,1722,1325,1016,764,1229
324,475,1668,1571,1288,623,814,314,469,1552,1196,1093,771,1066
320,466,1700,1607,1299,599,700,286,489,1758,2013,1059,682,907
324,499,1612,3160,2579,3395,2396,325,573,1748,3678,2592,3412,3135
333,466,1484,2999,3428,3955,2919,342,534,1529,3657,3500,3958,3118
539,2702,3572,3618,3109,3983,2610,526,2814,3527,3483,3179,3890,2685
975,3816,3990,3228,2643,3446,2217,905,3838,3373,2972,3366,3345,2262
1428,4039,3586,2729,2217,2890,1860,1405,4043,2890,2488,2933,2797,1884
2112,3855,3030,2290,1856,2414,1567,2045,3788,2423,2082,2471,2331,1582
3698,3301,2532,1918,1563,2018,1323,3607,3229,2018,1738,2063,1951,1330
3487,2763,2108,1612,1319,1690,1139,3372,2693,1695,1450,1732,1624,1133
3973,2309,1772,1492,1123,1426,964,3950,2247,1422,1222,1456,1370,993
4070,1929,1499,1411,958,1202,828,4066,1876,1194,1220,1226,1163,820
4090,1624,1271,1299,971,1032,721,4089,1576,1308,1604,1038,991,715
4094,1372,1076,1383,997,885,629,4093,1324,1170,1910,886,838,612
4094,1166,1228,1528,932,767,560,4094,1120,1230,2006,788,730,533
4094,993,1171,1360,1081,1838,1089,4094,950,1080,1748,684,938,628
3777,977,1459,2043,1135,1778,1053,3564,974,1205,1920,896,858,580
4031,865,1377,1888,1011,1541,928,3670,864,1077,1918,824,750,509
3649,799,1227,1618,879,1315,807,3191,783,1093,1665,932,678,541
3729,704,1131,1469,792,1121,703,2967,687,1220,1553,841,599,500
3501,716,984,1262,764,959,618,2762,740,1094,1786,801,527,439
2987,802,1104,1763,983,825,531,2357,725,942,1592,710,519,370
2504,794,1195,1607,951,718,483,1984,917,1098,1632,805,564,352
2092,935,1410,1841,900,626,435,1663,921,1176,1482,789,548,328
1754,956,1272,1667,908,619,394,1435,907,1046,1650,846,552,321
1475,978,1224,1506,910,627,418,1216,919,938,1544,764,534,323
1245,965,1372,1592,899,599,426,1032,1015,1222,1868,1021,587,372
1091,1039,1513,1725,1328,3395,2245,1141,1036,1394,1796,1085,2119,2847
944,1098,1354,1820,1316,3521,2251,1023,1115,1246,1752,1118,2103,2869
1056,1104,1610,2169,1407,3061,1957,931,1087,1077,1864,1063,1817,2489
1064,1102,1451,1948,1355,2577,1669,1067,1099,1152,1646,1139,1544,2165
945,1001,1463,1663,1183,2157,1415,970,1086,1287,1947,1181,1298,1832
1046,1046,1579,1484,1017,1809,1200,1032,1057,1154,1735,1054,1129,1852
1153,1062,1634,1276,874,1525,1021,1209,1103,1226,1475,906,1004,1616
1126,1090,1547,1547,886,1291,1148,1185,1088,1508,1441,879,967,1635
1186,998,1344,1402,1003,1096,1033,1168,1112,1278,1257,886,898,1437
1105,1062,1328,1432,1011,939,902,1124,1182,1082,1439,901,826,1421
1026,1026,1335,1513,987,809,781,1046,1084,1262,1284,981,890,1233
994,1082,1173,1341,1059,1608,1064,1034,1093,1301,1447,1051,1240,1252
1018,1029,1379,1633,1210,2104,1596,1014,1132,1381,1791,1197,1692,2042
1050,1101,1467,1519,1436,1912,1519,1017,1234,1221,1721,1251,1547,1907
1036,1064,1298,1416,1298,1635,1425,1025,1226,1108,1931,1309,1429,1640
1020,1041,1255,1644,1269,1389,1371,1057,1216,1024,1720,1342,1228,1860
1012,1106,1271,2053,1111,1179,1370,1035,1112,1043,1472,1177,1057,1912
992,1041,1232,1857,1040,1004,1205,1041,1085,918,1388,1010,904,1673
991,1092,1078,1773,947,865,1037,1048,1101,1126,1195,956,846,1430
1159,1095,1042,1654,831,751,889,1208,1175,1422,1524,952,743,1207
1196,1127,915,1642,837,655,773,1204,1142,1288,1392,1003,713,1019
1190,1124,796,1494,862,608,674,1253,1236,1324,1421,1062,655,876
1132,1037,771,1501,776,605,590,1157,1104,1270,1249,928,578,752
1030,909,2362,3576,3079,3397,2367,997,952,2729,3525,3077,3391,2415
890,2673,3748,3952,3039,3955,2351,846,2727,3821,3683,3009,3954,2361
1249,3810,4025,3474,2626,3585,2041,1247,3821,4040,3208,2584,3574,2033
1457,4038,3738,2922,2207,3034,1724,1420,4040,3726,2686,2176,3019,1723
2153,3843,3182,2446,1855,2541,1454,2109,3791,3166,2236,1822,2514,1451
3664,3283,2657,2044,1558,2125,1234,3509,3227,2639,1876,1529,2103,1219
3413,2751,2219,1716,1315,1779,1051,3261,2692,2203,1569,1332,1760,1037
3958,2300,1854,1445,1117,1495,903,3928,2248,1836,1322,1096,1481,888
4067,1922,1559,1257,957,1274,755,4061,1882,1539,1119,923,1269,736
4089,1615,1326,1078,828,1078,671,4088,1578,1297,1186,796,1068,648
4093,1357,1126,1339,716,913,592,4093,1317,1101,1042,750,909,568
4094,1158,1250,1355,694,872,528,3714,1121,1263,1367,810,773,510
4094,989,1120,1187,918,1827,1180,4018,949,1138,1247,974,1077,696
3758,957,1113,1504,1094,1759,1210,3537,997,1344,1080,962,1013,664
4027,845,1006,1495,1141,1526,1073,3675,890,1324,1441,1107,927,595
4053,826,991,1308,1109,1298,929,3501,771,1298,1549,1093,811,525
3805,738,879,1381,979,1107,801,3052,673,1134,1753,999,701,464
3597,716,885,1222,878,945,699,2726,714,1094,1709,879,612,411
3073,777,792,1062,801,818,615,2304,734,945,1487,831,602,376
2571,850,994,1152,702,709,539,1935,838,842,1266,777,545,349
2148,873,918,1034,653,624,478,1706,834,898,1250,715,483,318
1800,965,1011,1454,757,570,430,1446,853,998,1090,667,466,326
1515,967,933,1522,696,552,385,1218,885,996,1175,736,466,326
1280,980,1152,1867,716,574,445,1034,970,1028,1324,813,507,434
1151,980,1080,1687,1275,3390,2275,1143,955,1084,1178,937,2095,2886
993,1075,947,1703,1535,3786,2275,1016,1062,1158,1234,930,2074,2903
1035,992,958,1490,1390,3335,1971,948,950,1026,1284,956,1806,2491
1003,1064,1118,1408,1195,2811,1683,1028,965,1049,1336,839,1530,2207
901,1081,1286,1913,1017,2351,1423,950,1021,993,1374,880,1282,1869
973,1026,1157,1749,998,1967,1208,927,1078,1345,1299,860,1131,1795
1067,1067,1064,1768,912,1655,1029,1062,1078,1236,1388,754,1028,1557
1116,1108,928,1606,900,1397,1136,1138,1100,1074,1404,656,936,1601
1149,1056,933,1495,888,1186,1023,1181,1023,919,1241,687,855,1451
1165,1064,833,1294,832,1013,888,1189,1037,1004,1061,621,954,1471
1131,1110,898,1719,815,870,843,1178,1041,1084,996,643,860,1283
990,1055,1050,1691,1118,1728,1216,1028,1037,1200,1297,705,1126,1260
1054,1063,1331,1475,1179,2158,1683,1016,1073,1241,1533,734,1481,2090
1003,1055,1327,1555,1051,1938,1561,1016,1068,1322,1644,786,1344,1958
995,1095,1167,1875,941,1671,1515,1022,1047,1199,1458,702,1161,1822
1014,1087,1314,1717,973,1410,1414,1025,1041,1117,1410,857,995,1914
1031,1121,1444,1633,1041,1195,1388,1007,1019,1023,1225,785,895,1826
1007,1088,1402,1599,933,1018,1216,1035,1073,966,1557,766,817,1573
1014,1040,1222,1651,893,874,1044,1027,1026,956,1601,683,801,1331
1002,1083,1160,1371,833,758,894,1038,1080,1011,1437,668,714,1148
1147,1075,1196,1237,1005,698,775,1162,1048,911,1461,702,682,985
1166,1169,1220,1519,917,694,713,1198,1127,1192,1453,707,618,845
1126,1157,1244,3579,2830,3414,2016,1175,1001,1190,3566,3206,3399,2377
988,1954,2230,3991,3313,3958,3004,1029,1564,2064,3978,3378,3955,2680
852,3666,3722,3897,2943,4067,2764,886,3588,3688,3508,3385,3979,2369
1236,4009,4020,3353,2490,3542,2356,1226,3993,4013,2944,2934,3441,2001
1307,4077,3694,2807,2079,2974,1980,1302,4074,3591,2452,2458,2882,1684
2110,3836,3138,2348,1739,2487,1664,2052,3753,3026,2048,2049,2398,1428
3198,3272,2628,1963,1468,2075,1403,3119,3182,2529,1712,1715,2006,1192
3915,2737,2193,1651,1234,1739,1187,3899,2650,2105,1448,1438,1678,1016
4059,2289,1838,1390,1054,1469,1013,4055,2208,1765,1208,1218,1518,867
4087,1909,1547,1177,895,1242,870,4087,1847,1478,1083,1026,1212,740
4093,1608,1309,1007,772,1061,757,4093,1554,1254,1054,882,1008,644
4094,1355,1107,1083,799,905,660,4094,1301,1061,926,754,864,560
3824,1151,953,971,792,785,582,3693,1104,997,1127,691,738,494
4040,982,918,1074,1261,1497,992,4014,939,1209,1135,732,1169,627
3954,925,812,1306,1176,1432,978,4078,959,1296,1467,912,1104,636
4066,850,935,1610,1129,1246,868,3803,858,1283,1482,973,1005,576
4089,746,950,1709,992,1070,756,3611,745,1116,1294,946,878,548
3839,654,1019,1516,892,916,660,3092,642,1162,1338,963,758,484
3323,670,1101,1818,940,789,581,2572,613,1166,1190,859,654,436
2790,666,1174,1627,847,737,517,2144,661,1026,1052,747,578,395
2330,754,1050,1403,739,655,462,1786,759,966,910,743,508,356
1946,690,932,1376,675,648,421,1588,686,938,968,667,451,335
1625,616,835,1209,599,533,388,1360,612,906,872,618,400,317
1430,548,731,1091,644,469,380,1144,535,802,861,596,396,323
1179,493,683,1270,789,2561,2289,980,469,695,892,767,1515,2911
995,901,829,1747,1513,3788,2570,829,829,875,1093,979,2399,3634
855,1191,957,2034,1446,3651,2276,718,1017,1126,1795,1039,2226,3258
789,1155,1390,1847,1261,3131,1930,876,1034,1039,1675,926,1903,2748
1263,1131,1291,1583,1118,2622,1633,1271,1025,896,1443,958,1598,2324
1226,1036,1292,1486,966,2194,1373,1191,1043,823,1319,853,1346,1933
1249,984,1271,1286,833,1837,1224,1259,994,991,1331,863,1138,1881
1101,1052,1150,1164,887,1544,1008,1114,1026,951,1173,759,1030,1632
1053,1107,1078,1172,792,1305,1117,1019,1032,905,1082,734,938,1658
1139,1148,1031,1128,849,1109,1005,1158,1108,970,1147,722,849,1447
1020,1116,961,1180,783,950,876,1041,1054,1047,1039,639,925,1471
1059,1093,962,1087,712,819,804,1007,1040,940,907,567,832,1291
1057,1045,1147,2591,2492,2215,2276,1078,1038,1010,2331,2555,2148,2200
1013,1040,1541,3794,2999,2311,2220,1051,1030,1324,3742,2719,2180,2056
1164,1107,1410,3952,2682,2017,1918,1162,1034,1213,3952,2391,1899,1763
1222,1119,1293,3441,2273,1709,1626,1242,1094,1220,3444,2019,1603,1843
1155,1128,1149,2893,1909,1446,1375,1194,1099,1077,2887,1689,1360,1615
1141,1138,1167,2419,1607,1230,1348,1135,1231,1350,2412,1417,1148,1539
1036,1123,1107,2017,1467,1181,1180,1016,1096,1230,2013,1341,1149,1331
1023,1088,1044,1694,1439,1254,1042,1055,1076,1060,1677,1482,1213,1150
997,960,972,1698,1431,1206,1029,1015,956,963,1452,1421,1117,1232
913,832,1047,1539,1337,1141,909,915,820,1010,1478,1239,1076,1097
800,750,1039,1659,1268,1161,897,798,708,978,1446,1207,1096,942
694,658,1036,1851,1231,1272,844,684,614,956,1509,1149,1202,862
607,1504,2732,3368,2735,3530,2521,602,1489,2879,2961,2593,3516,2320
771,3576,3822,3163,2616,3975,2486,742,3573,3851,2807,2474,3856,2246
1684,3991,4040,2702,2250,3505,2342,1674,3990,3829,2569,2134,3372,1939
2093,3830,3537,2268,1894,2951,1846,2098,3772,3296,2043,1796,2834,1634
2222,3279,2973,1898,1594,2466,1529,2178,3219,2772,1690,1502,2370,1374
3135,2750,2489,1594,1348,2061,1290,3058,2681,2313,1413,1268,1982,1161
3903,2296,2080,1346,1139,1729,1096,3887,2233,1928,1190,1070,1660,989
4056,1925,1746,1183,1119,1597,936,4053,1865,1615,1493,1005,1444,849
4087,1612,1466,1212,1051,1377,808,4086,1569,1349,1685,978,1236,720
4093,1362,1245,1538,1073,1295,701,3936,1322,1308,1787,974,1224,626
4094,1152,1063,1511,1036,1459,727,4063,1110,1332,1569,1015,1397,646
3798,984,1120,1531,1078,1359,1040,4066,950,1491,1567,1061,1390,946
4035,944,1130,1881,1317,1526,976,4041,869,1343,1643,1278,1452,898
4083,891,1022,2143,1429,1601,1020,4084,877,1147,1575,1440,1488,914
4092,841,1028,1906,1521,1551,932,3676,835,1189,1705,1286,1449,902
4094,738,1046,1658,1437,1510,896,3568,735,1109,1512,1301,1437,805
3802,659,1196,1846,1261,1437,1016,3064,633,1246,1372,1149,1400,997
3238,583,1159,1997,1480,1339,1074,2564,575,1242,1501,1299,1219,1004
2700,520,1017,1893,1364,1349,1025,2136,493,1096,1571,1166,1305,895
2257,464,881,1708,1167,1629,1100,1792,438,972,1494,1002,1549,1007
1889,469,978,2052,1093,1472,1071,1495,452,1062,1780,949,1383,945
1583,437,1109,1844,1035,1349,943,1254,441,1142,1591,917,1191,825
1339,434,1232,1788,1127,1165,819,1063,413,1177,1353,1018,1007,786
1135,463,1295,1798,1124,1269,869,899,448,1253,1683,1090,1135,761
967,481,1387,1929,1264,1499,1133,767,468,1491,1805,1198,1412,1052
829,495,1400,1703,1375,1634,1196,662,528,1443,2126,1201,1584,1156
720,479,1279,1763,1446,1670,1201,579,493,1360,1903,1305,1631,1104
631,464,1313,1552,1316,1510,1059,511,489,1443,1762,1262,1533,972
554,476,1213,1780,1250,1694,1319,453,490,1467,1593,1105,1561,1232
492,487,1388,1887,1398,1507,1200,408,466,1469,2040,1255,1369,1130
440,451,1552,1661,1248,1587,1300,364,446,1521,1847,1124,1397,1150
400,435,1319,1497,1076,1399,1159,346,434,1397,1580,971,1366,1014
364,430,1123,1565,1428,1319,1003,320,423,1205,1936,1195,1291,879
347,405,963,1381,1314,1327,863,296,396,1033,1733,1308,1358,756
332,417,827,1485,1138,1174,742,275,417,884,1477,1168,1201,656
304,414,721,1349,1238,1014,657,280,426,794,1249,1081,1025,568
309,409,633,1626,1106,910,577,288,442,961,1513,980,881,543
309,407,701,1468,957,841,545,398,409,881,1363,960,756,495
322,400,645,1646,855,873,496,294,393,769,1176,844,700,441
323,434,613,1722,880,802,520,282,394,697,1503,786,688,478
312,429,684,1553,888,830,484,292,412,829,1371,786,680,436
342,420,655,1533,819,750,460,300,415,751,1291,729,612,397
327,396,747,1338,804,657,422,284,383,666,1114,667,590,360
326,374,687,1288,719,609,435,288,372,583,1068,697,576,369
308,377,684,1372,778,654,437,270,368,568,928,625,526,349
308,385,637,1441,776,601,407,285,391,558,1284,733,647,362
303,385,682,1275,720,585,409,289,365,610,1189,769,603,341
310,378,625,1131,748,552,376,277,395,556,1392,685,542,354
316,369,677,1212,872,524,401,279,388,610,1280,705,548,328
324,403,764,1213,855,536,413,287,388,566,1125,798,526,336
308,386,703,1070,759,548,387,271,379,594,1183,726,511,365
308,372,655,1225,791,532,409,272,345,538,1054,788,504,343
320,398,673,1106,768,550,385,283,395,618,1266,729,505,353
308,378,745,1161,719,599,405,296,366,573,1258,757,629,334
310,382,717,1264,735,600,380,276,419,559,1250,713,544,330
326,406,711,1196,717,624,382,288,415,619,1147,666,541,333
318,391,637,1164,670,572,385,276,423,692,1405,917,508,333
312,363,561,1290,718,575,392,294,421,731,1274,887,488,346
304,397,569,1484,969,522,393,291,386,668,1090,784,560,322
310,400,556,1332,938,637,390,297,410,689,1278,844,561,338
327,399,646,1579,912,595,429,283,381,629,1142,841,527,345
311,395,600,1419,952,613,407,280,377,673,989,790,518,327
292,371,534,1221,856,641,399,273,421,822,972,854,565,339
284,354,559,1045,796,543,402,286,397,756,1212,783,521,349
305,378,675,1211,744,564,425,299,454,818,1384,746,519,356
309,402,690,1094,828,587,422,282,430,889,1348,928,550,352
297,486,1185,1064,892,582,424,300,410,1041,1532,905,586,348
335,506,1803,1300,861,617,424,298,450,1200,1365,864,572,359
343,504,1923,1300,972,666,434,306,506,1592,1245,798,618,359
327,510,1940,1251,968,666,445,335,558,1988,1209,889,569,391
339,503,1992,1099,923,601,445,343,569,2164,1057,817,557,371
344,507,2170,974,847,599,409,346,555,2366,1028,738,601,345
343,467,2194,1224,914,583,400,319,552,2078,1151,905,625,354
332,473,2058,1726,825,616,404,332,525,2184,1082,823,597,375
356,468,1970,1591,869,565,404,328,524,2029,1216,877,529,351
340,480,1703,1448,957,649,432,310,511,1936,1114,792,533,383
333,455,1633,1244,945,601,411,304,492,1944,1419,1031,538,359
333,478,1797,1301,869,625,412,305,554,1949,1295,1033,514,369
362,478,1919,1237,973,600,430,338,573,2113,1450,917,529,365
346,486,1955,1318,1153,663,447,349,579,2326,1378,1234,570,382
333,534,2042,1218,1049,611,547,319,588,2390,1198,1132,522,378
356,497,2502,1533,1096,622,448,312,531,2083,1055,983,498,354
352,511,2579,1456,980,588,432,300,490,1840,1147,906,518,416
332,521,2505,1787,843,554,435,316,500,1807,1023,794,603,389
357,521,2163,1619,855,578,408,348,572,1848,1378,845,558,356
360,527,1828,1391,765,569,428,344,591,2138,1389,759,521,354
342,483,1819,1270,845,578,400,342,546,2350,1219,777,513,362
322,503,2138,1173,860,559,408,322,554,2515,1324,712,572,377
353,537,2418,1129,840,550,414,318,576,2557,1272,954,549,356
377,569,2544,1460,1000,575,426,334,576,2425,1111,942,514,362
358,553,2289,1461,1081,606,486,326,543,2186,1561,998,540,386
372,554,2226,1279,1053,793,460,337,507,1950,1910,1103,643,367
376,576,2246,1323,1126,835,456,315,516,1730,1720,1185,774,396
369,558,2492,1191,1077,787,472,315,468,1755,1467,1198,772,396
361,528,2388,1031,947,697,412,311,484,1613,1240,1226,693,371
359,479,2056,1058,820,614,374,324,446,1387,1045,948,601,347
337,432,1736,1046,712,546,394,305,406,1183,966,793,525,340
317,423,1464,975,649,490,378,290,381,1005,870,682,465,344
353,449,1648,1179,783,506,420,317,416,858,1118,652,440,348
341,601,1977,1073,819,516,393,301,461,975,1111,801,451,330
366,787,2218,1406,867,536,394,309,435,1195,985,737,475,335
369,594,2396,1479,779,532,390,290,414,1075,844,775,483,329
349,508,2111,1308,792,488,390,287,405,1006,732,690,443,311
364,488,2171,1180,726,504,374,283,383,971,661,611,403,319
346,510,2215,1253,675,528,376,279,382,855,873,651,437,333
326,474,1962,1115,681,522,381,284,397,798,858,657,499,347
339,465,1766,964,780,537,411,298,494,1710,841,695,501,327
327,476,1850,1143,832,555,412,332,625,2520,1165,972,541,327
335,470,1849,1039,939,582,428,378,661,3096,1189,944,528,324
335,470,1617,1199,929,590,403,360,639,3288,1047,904,537,329
343,438,1408,1379,1005,608,425,376,648,3271,927,885,493,344
328,426,1201,1381,1081,556,398,368,625,2909,1396,1149,504,378
307,405,1027,1313,1010,584,418,332,609,2573,1596,1256,566,391
326,415,887,1421,1094,685,407,364,619,2311,1945,1251,646,419
318,415,1283,1434,1149,677,403,336,557,2332,1757,1097,614,357
330,460,1529,1542,1289,721,428,317,617,2650,1493,1109,638,390
331,436,1538,1394,1333,770,432,340,633,3010,1261,1095,662,369
332,445,1402,1344,1177,783,440,363,641,3069,1077,1063,730,367
343,453,1215,1468,1142,796,447,365,632,3082,1159,1024,656,355
327,496,1595,1457,1182,800,457,349,640,3112,1210,1167,628,391
357,527,2021,1348,1178,753,492,357,648,3088,1199,1185,606,389
357,523,2085,1267,1310,768,425,354,606,3049,1166,1201,573,391
340,523,2001,1761,1478,692,421,334,549,2715,1185,1273,587,391
372,514,1941,1925,1385,660,458,349,525,2398,1212,1194,571,360
374,545,1945,1703,1543,681,678,345,544,2253,1289,1138,613,376
370,586,1941,1483,1637,701,485,341,534,2197,1805,1441,614,395
366,682,1856,1473,1575,726,450,369,525,2205,1876,1388,610,375
352,573,1780,1398,1696,742,454,341,534,2284,1640,1328,644,381
352,548,1841,1298,1740,669,452,321,532,2428,1399,1451,632,377
394,551,2137,1922,1522,629,444,357,552,2369,1184,1862,624,392
376,567,2193,1939,1472,701,479,347,573,2404,1077,1813,632,402
366,523,1921,1720,1398,731,448,334,597,2461,1126,1574,604,403
343,472,1630,1467,1395,665,440,330,593,2347,1048,1424,572,377
323,452,1378,1327,1475,649,434,340,583,2257,1180,1249,649,363
331,440,1214,1839,1614,770,462,356,563,2201,1184,1308,654,375
329,489,1447,2223,1514,755,500,328,503,2059,1228,1284,646,427
344,521,1666,2408,2060,897,520,308,451,1767,1078,1465,746,437
360,511,1840,2236,2311,1011,582,306,462,1558,2022,1689,873,428
341,482,1831,1919,2380,947,591,313,499,1673,2064,1637,989,488
340,465,1700,1900,2503,977,620,303,487,1990,1827,1420,990,490
332,465,1678,2096,2275,875,576,312,512,2169,1560,1226,1007,446
331,429,1465,1853,1944,763,514,300,466,2017,1310,1054,898,402
335,416,1249,1579,1638,666,463,285,430,1722,1107,902,773,370
317,404,1067,1332,1383,586,423,290,479,1619,942,950,666,338
308,421,1172,1131,1174,519,426,287,551,2106,1289,1202,588,335
324,433,1468,965,1198,531,397,337,577,2330,1186,1152,519,344
312,429,1466,1062,1196,543,409,335,568,2222,1264,1064,551,343
311,407,1285,1081,1056,516,401,316,512,1911,1374,1108,507,332
336,443,1102,1229,912,572,409,311,461,1609,1221,1063,467,335
324,478,1471,1161,1015,554,388,310,458,1514,1237,927,546,339
348,485,1578,1055,918,531,405,293,450,1644,1216,955,507,329
362,511,1729,963,945,557,404,317,458,1590,1265,1149,577,349
342,463,1671,1060,1154,621,462,297,424,1415,1116,1353,591,431
326,427,1451,1536,1300,643,508,304,456,1239,1252,1637,611,416
329,455,1237,1673,1232,752,478,288,525,1575,1126,1618,643,404
341,463,1500,1585,1567,804,480,319,534,2258,1271,1502,680,431
344,510,1831,1606,1427,775,492,337,534,2554,1196,1584,757,422
356,534,2027,1692,1483,963,487,333,554,2493,1391,1443,713,401
375,518,1949,1625,1650,888,510,342,515,2371,1581,1815,781,465
363,542,1755,1789,1928,832,554,341,520,2027,1733,1920,801,441
373,547,1749,1885,1816,863,576,321,518,1931,1566,1842,863,498
350,541,1738,1896,1978,1094,722,316,519,1933,1369,1980,1031,628
366,529,1589,1656,2167,1143,769,337,547,1973,2019,2018,1119,756
348,483,1429,1824,2547,1211,825,338,590,1981,2059,1952,1072,721
325,441,1233,1803,2513,1081,810,314,534,1717,1798,2328,1016,742
341,420,1051,1557,2173,1031,723,330,479,1458,2367,2212,933,670
327,415,1128,1528,1833,1015,660,309,468,1398,2532,2179,932,643
331,445,1328,2002,2003,1017,650,318,436,1079,2212,1990,936,618
355,464,1436,1940,2104,1087,625,304,452,925,2016,2295,960,586
338,456,1389,1849,2407,973,594,303,441,873,2152,2162,984,581
334,472,1214,2165,2543,1108,644,316,475,965,2160,1850,876,581
335,440,1113,2153,2488,1064,686,314,467,925,2050,1958,935,607
319,442,1249,2011,2608,1082,743,300,450,818,1618,2026,1055,663
342,482,1386,1727,2282,1136,787,299,448,919,1790,1807,1216,753
346,479,1474,1989,2162,1254,905,315,487,1005,1667,1913,1146,776
350,487,1402,2306,2503,1315,943,316,479,912,1435,1866,1144,860
330,507,1222,2055,2228,1267,1071,300,445,813,1499,1934,1273,918
339,469,1045,2043,2624,1346,1111,298,424,938,1695,1705,1399,1050
346,453,899,1820,2844,1462,1189,287,434,1032,1799,2073,1458,1142
328,445,778,1574,2500,1532,1262,286,449,1122,2089,2405,1355,1209
334,443,791,1514,2118,1356,1123,300,492,1288,2310,2140,1283,1125
321,430,1023,1782,2016,1285,1235,313,512,1444,2230,2126,1411,1109
320,440,1071,1822,2076,1247,1331,315,490,1434,1997,2640,1297,1262
340,425,1008,1796,2267,1315,1381,316,466,1262,1692,2718,1155,1194
327,415,886,1563,2479,1239,1341,319,450,1118,1947,2650,1122,1277
326,416,1126,1330,2253,1251,1319,317,466,1370,2063,2282,1186,1440
329,457,1387,1588,2177,1342,1359,317,526,1654,2071,2369,1167,1292
334,516,1459,1711,2233,1226,1441,308,516,1736,1795,2277,1114,1336
478,1402,2379,1518,1953,1093,1279,304,1015,2350,1518,1958,1108,1170
601,1380,2783,1558,1694,946,1103,850,1365,2367,1279,1651,968,1004
830,1390,2593,1367,1664,818,959,921,1397,2431,1080,1415,836,868
780,1223,2457,1170,1640,825,801,966,1354,2242,1113,1460,762,743
690,1088,2468,1565,1732,862,708,864,1302,2092,1281,1591,741,644
733,1018,2468,1681,2182,805,620,744,1414,2192,1146,1403,794,562
663,1002,2427,1720,1972,829,602,775,1386,2216,987,1784,860,557
659,1025,2343,1726,1991,922,588,690,1398,2264,1085,1663,766,500
683,1037,2595,1578,1739,899,654,671,1365,2446,1215,1547,910,516
707,1054,2379,1356,1775,841,606,692,1404,2892,1412,1627,849,506
746,1038,2245,1254,1648,846,589,660,1389,2773,1344,1495,818,502
750,1102,2224,1087,1643,829,565,782,1432,2607,1171,1283,804,479
713,1093,2389,1103,1549,862,604,795,1405,2277,1337,1591,842,514
677,1090,2531,1272,1708,774,583,794,1415,2186,1224,1614,888,537
664,1123,2612,1342,1803,936,575,781,1384,1918,1048,1718,916,540
677,1108,2601,1242,1583,904,613,716,1417,2085,1099,1989,968,586
678,1244,2528,1078,1343,804,601,717,1433,2079,1420,1772,874,587
669,1203,2384,1445,1527,823,543,669,1257,2038,1492,1589,798,595
661,1101,2183,1357,1489,808,576,689,1423,1866,1316,2153,848,541
659,1037,2028,1178,1424,1008,600,681,1423,1667,1125,2511,818,554
651,1014,2192,1010,1476,925,557,693,1403,1703,963,2345,852,555
663,1020,2096,1166,1569,909,577,687,1389,1806,994,2009,824,585
751,1016,2247,1245,1635,991,604,693,1379,1926,1149,1685,873,541
745,1020,2463,1137,1607,890,555,712,1360,1805,1312,1451,842,541
761,1063,2415,1174,1535,855,536,691,1305,1575,1419,1287,746,575
749,998,2341,1232,1511,850,587,796,1285,1459,1620,1416,765,521
710,966,2234,1092,1391,841,530,801,1276,1352,1446,1537,858,480
688,1034,1923,1280,1649,803,558,791,1353,1780,1417,1590,762,511
697,1051,1831,1218,1980,744,563,743,1247,1709,1404,1404,823,471
679,1007,1868,1504,2275,808,561,672,1222,1887,1227,1276,819,503
702,1108,1984,1868,2558,876,561,672,1171,1977,1051,1136,893,459
715,1175,2089,1810,2268,794,586,676,1272,1985,1134,1392,893,479
696,1131,1937,1567,2348,860,617,681,1251,2061,1129,1470,796,431
688,1074,1715,1331,2269,776,589,675,1181,2019,992,1463,828,470
703,1081,1634,1136,1961,711,531,691,1118,2155,1011,1277,736,486
699,1124,2021,1112,1661,774,523,709,1138,1995,1041,1438,708,530
800,1164,2152,1013,1597,746,535,701,1103,2094,924,1610,757,483
812,1087,1986,881,1678,754,519,711,1060,2422,999,1487,751,498
791,1093,2008,976,1942,827,543,756,1026,2733,956,1384,723,462
734,1101,1932,1246,1991,752,551,816,1086,2413,843,1237,676,437
690,1103,2076,1338,1745,788,504,826,1113,2151,732,1197,693,433
667,1057,2258,1229,1482,854,557,821,1105,2001,999,1285,770,461
645,1047,2081,1161,1997,985,569,735,1093,2081,950,1405,697,446
664,1016,2250,1261,2061,725,557,694,1131,1856,843,1250,617,445
683,1076,2488,1433,1804,689,507,684,1103,1580,828,1198,620,481
673,1122,2546,1287,1566,752,571,694,1203,1332,1029,1050,638,453
663,1090,2557,1623,1586,1512,533,708,1194,1135,1073,1182,1131,435
687,1442,2365,1761,2569,1448,545,698,1518,1505,1654,1499,1081,535
759,1325,2029,1896,2393,1258,557,624,1656,1432,1538,1602,947,506
922,1249,1937,1903,2048,1080,516,541,1471,1751,1439,1478,815,488
889,1201,1671,1827,1728,925,485,549,1346,1578,1555,1275,740,469
861,1179,1415,1851,1456,802,518,488,1182,1479,1498,1080,688,431
921,1092,1659,1805,1848,782,480,552,1192,1539,1390,1228,701,419
888,1168,1635,1778,1675,784,523,606,1336,1890,1380,1533,648,410
784,1166,1729,1598,1438,785,483,590,1338,1701,1484,1526,668,406
702,1088,1789,1506,1658,729,501,587,1338,1565,1534,1334,628,398
718,1081,2030,1415,1614,716,521,606,1203,1426,1574,1299,638,438
724,1108,1805,1514,1828,700,572,786,1229,1423,1606,1225,626,411
716,982,1855,1452,1632,740,529,785,1304,1890,1710,1487,630,423
695,1212,1795,1439,1488,736,478,733,1347,2035,1664,1343,643,423
678,1209,1558,1541,1321,797,509,711,1246,1899,1784,1158,667,434
673,1090,1776,1589,1302,1005,505,768,1250,1631,1656,1150,635,424
718,1026,1584,1540,1364,875,513,684,1418,1640,1432,1176,624,432
698,1122,1792,1480,1240,749,518,670,1426,1428,1504,1178,668,566
774,1193,1626,1413,1548,791,478,648,1359,1781,1320,1327,701,456
754,1133,1789,1474,1407,717,483,616,1238,1809,1316,1183,831,405
798,1091,1589,1651,1211,666,512,680,1230,1578,1521,1291,717,428
762,1189,1550,1502,1143,674,477,684,1455,1638,1610,1255,682,480
725,1129,1966,1427,1409,722,458,638,1373,1426,1414,1235,611,437
687,1137,2227,1496,1417,777,510,626,1409,2153,1442,1474,653,490
754,1131,1982,1661,1660,901,474,633,1365,1993,1475,1326,917,454
701,1207,1758,1483,1491,824,483,888,1333,1754,1301,1135,853,420
624,1186,2138,1456,1267,750,479,836,1366,2210,1229,1238,748,436
626,1104,1926,1612,1502,711,486,740,1254,2094,1179,1162,684,451
666,1132,1956,1565,1534,690,524,697,1214,1797,1123,1204,652,411
726,1159,2016,1418,1578,690,486,625,1197,1638,1404,1101,619,432
649,1169,1796,1694,1391,722,489,497,1311,1900,1323,1255,737,433
760,1151,1507,1525,1189,657,568,675,1213,1863,1267,1389,707,416
780,1166,1740,1419,1565,670,532,659,1306,1636,1249,1353,631,409
755,1292,1827,1444,1583,686,511,643,1160,2022,1313,1261,644,473
713,1267,1647,1486,1701,741,462,658,1393,2311,1449,1312,607,439
712,1193,1412,1308,1508,677,470,631,1383,2128,1520,1273,596,401
659,1161,1431,1760,1324,662,443,581,1338,2019,1416,1521,605,387
691,1253,1254,1705,1408,641,446,600,1388,1731,1499,1370,685,397
674,1229,1618,1559,1242,649,473,655,1328,1751,1228,1350,797,405
675,1173,1893,1425,1330,658,440,670,1299,1835,1063,1484,680,389
695,1183,1784,1228,1587,754,504,692,1295,1612,1348,1481,672,392
713,1308,1658,1204,1579,927,484,740,1291,1724,1222,1337,544,383
673,1333,1824,1627,1739,735,441,708,1279,2027,1305,1346,595,434
727,1242,2072,1490,1545,753,444,632,1438,2179,1223,1518,714,409
753,1377,1879,1610,1324,678,520,580,1538,2466,1427,1354,694,417
796,1301,1781,1482,1127,621,490,585,1395,2185,1401,1326,640,425
792,1149,1985,1372,1224,599,447,592,1401,2186,1225,1153,632,516
724,1165,1973,1366,1263,1063,547,662,1429,2571,1100,1366,1351,448
640,1586,1958,1459,1577,1013,509,622,2237,2291,1679,1369,1307,426
700,1538,1695,1402,1428,891,507,554,2074,1932,1622,1434,1141,441
1044,1340,1711,1493,1568,778,467,700,1773,2163,1508,1332,981,441
1026,1526,1502,1687,1459,678,491,1021,1495,1925,1302,1282,842,406
1094,1537,2258,1511,1259,678,483,955,1261,1632,1430,1113,718,385
1158,1569,2090,1487,1318,706,448,1055,1628,1620,1268,1089,626,400
1113,1455,1891,1480,1460,690,472,1288,1614,1954,1212,1271,654,408
1104,1507,2192,1460,1540,791,472,1163,1588,1750,1086,1147,606,418
1066,1447,1958,1691,1731,744,436,1140,1484,1497,1450,1644,591,393
1006,1258,2573,1517,1767,685,453,1101,1434,1701,1331,1518,629,397
974,1481,2324,1837,1599,683,527,1059,1527,2092,1695,1337,513,434
1293,1657,2854,1659,1508,707,481,1091,1334,1919,1540,1184,614,401
1143,1474,2560,1553,1318,708,451,1048,1562,2243,1326,1104,662,480
1050,1466,2493,1493,1394,640,484,1132,1451,2003,1411,1082,626,457
1134,1579,2161,1768,1342,679,482,1028,1241,1699,1327,1398,558,420
1018,1387,2225,1591,1278,760,465,1057,1431,1513,1515,1426,569,372
962,1479,2142,1582,1315,704,429,1199,1464,1928,1418,1352,620,368
986,1467,2216,1440,1360,647,425,1068,1287,1752,1226,1174,580,380
968,1492,2231,1380,1456,671,412,1072,1419,1768,1290,1199,577,391
917,1312,2128,1272,1624,686,445,1320,1454,1977,1238,1255,568,395
951,1482,2070,1338,1450,685,419,1197,1464,1982,1482,1183,572,378
1009,1398,1903,1562,1370,690,450,1097,1446,1861,1370,1374,564,370
948,1398,1976,1532,1414,696,454,1055,1416,1969,1186,1231,643,386
947,1472,2182,1584,1321,711,470,1003,1549,1806,1382,1330,951,381
1082,1508,1931,1396,1211,647,434,1043,1381,1545,1524,1217,894,382
981,1328,2050,1226,1339,647,442,1073,1617,1918,1381,1093,788,376
959,1336,2073,1333,1443,619,467,1161,1635,1717,1728,1120,688,380
1055,1495,1805,1405,1586,648,436,1087,1426,1471,1560,1440,609,353
951,1397,1726,1367,1443,696,452,1059,1513,2019,1398,1431,537,396
925,1556,1787,1454,1411,637,457,1188,1673,1844,1310,1533,560,365
1073,1592,1583,1489,1439,635,457,1061,1492,1570,1434,1501,560,371
1071,1525,1738,1449,1378,595,422,1072,1684,1670,1506,1303,513,370
995,1325,1622,1264,1302,571,418,1248,1627,1821,1594,1154,608,399
923,1457,1786,1320,1363,634,403,1096,1655,1730,1599,1278,556,390
1011,1561,1815,1172,1430,601,458,1067,1496,1876,1390,1143,542,358
929,1401,1591,1208,1267,614,434,1056,1603,1968,1462,1160,599,396
925,1645,1856,1265,1479,614,431,1073,1671,2140,1366,1104,568,416
1052,1550,1663,1197,1331,647,448,1013,1475,1898,1293,1155,539,392
956,1343,1855,1169,1338,636,422,1051,1779,2670,1366,1210,536,373
916,1434,1649,1028,1341,628,414,1126,1618,2431,1202,1178,524,349
1032,1559,1781,1123,1202,584,421,1057,1386,2833,1148,1070,574,361
932,1421,1577,1311,1137,598,392,1022,1441,2519,1120,1121,522,390
924,1543,1784,1326,1270,634,420,1182,1698,2134,977,1068,502,370
1100,1507,1969,1336,1429,645,442,1063,1518,2122,1244,1062,513,364
1058,1451,1749,1203,1305,585,417,1063,1579,1836,1141,1238,502,381
949,1347,1778,1061,1126,617,415,1201,1505,1948,1549,1115,518,357
904,1555,1785,1246,1174,694,436,1073,1727,1706,1442,1231,1410,422
1081,1398,2061,1555,1519,643,448,1022,1604,2237,1462,1171,1375,402
984,1273,2046,1499,1391,664,414,1001,1528,2656,1467,1080,1202,370
1191,1103,1782,1623,1245,620,404,1217,1312,2378,1337,1091,1036,368
1082,1343,1633,1441,1073,655,443,1107,1118,2014,1427,1109,880,392
1286,1228,1861,1297,1023,599,441,1064,964,1772,1760,1052,761,383
1400,1063,1659,1548,1356,626,435,1202,824,1712,1656,975,656,393
1248,1292,1724,1580,1248,610,426,1070,961,1898,1501,930,574,368
1186,1176,1518,1715,1284,607,433,1061,1115,1707,1437,1003,538,361
1107,1020,2219,1519,1329,596,433,1114,1035,1874,1376,1030,538,431
1057,1049,2043,1469,1177,639,425,1177,1267,1943,1468,1030,560,382
1069,1429,2095,1753,1326,644,430,1221,1167,1931,1627,1035,565,377
1025,1320,2771,1580,1192,622,438,1180,1003,2660,1557,937,565,378
1237,1462,2510,1351,1079,562,434,1297,990,2422,1353,943,566,350
1125,1428,2722,1584,1243,586,428,1172,1252,2059,1425,919,521,362
1182,1248,2394,1496,1124,572,397,1184,1208,2317,1285,998,523,369
1312,1069,2573,1476,1062,594,391,1352,1062,2047,1184,893,510,380
1172,1205,2835,1516,998,660,395,1206,1035,2402,1221,867,534,344
1084,1427,2500,1334,903,608,393,1214,1071,2482,1367,919,509,348
1106,1292,2968,1166,907,600,393,1302,963,2150,1464,926,533,351
979,1314,2646,1442,969,566,397,1160,1098,2567,1600,1004,527,361
1102,1162,2610,1439,1213,537,401,1106,1244,2293,1424,996,501,338
1115,1003,2461,1445,1234,591,393,1172,1344,3173,1357,915,529,342
1171,1103,2113,1270,1219,620,382,1206,1296,2880,1185,964,503,350
1081,1220,2045,1311,1114,704,409,1225,1132,2469,1325,1075,571,374
1076,1099,1771,1243,1087,648,386,1145,979,2378,1286,1037,522,346
1278,1191,2403,1249,1159,631,386,1300,1149,2067,1295,909,551,339
1157,1139,2194,1304,1277,567,434,1164,1280,1973,1321,840,502,339
1154,1212,1871,1276,1147,542,412,1199,1216,2056,1389,1061,494,358
1230,1081,1666,1404,1123,597,417,1326,1064,2426,1270,976,532,341
1095,1125,1953,1326,1060,617,407,1184,934,2569,1261,868,500,374
1087,1197,2045,1389,1088,609,419,1187,1113,2248,1457,993,507,345
1093,1090,2485,1547,1014,552,395,1202,1126,1904,1340,992,491,352
970,1211,2231,1552,1128,601,386,1050,1105,1617,1234,1037,535,361
1087,1088,2567,1528,1097,588,425,1117,1034,1790,1154,1303,540,366
1099,944,2286,1338,1537,1241,460,1181,1105,2042,1672,1187,552,374
1198,1703,3434,1385,1605,1204,456,1302,1512,2219,1532,1180,600,406
1190,1611,3284,1389,1547,1043,449,1226,1396,2100,1350,1152,592,382
1074,1770,3314,1390,1346,894,441,1366,1825,3446,1456,1308,616,371
903,1573,3181,1348,1509,776,433,1402,1649,3199,1308,1283,721,388
881,1345,2793,1177,1347,685,422,1226,1421,2718,1504,1331,566,356
783,1464,3345,1557,1404,630,421,1043,1205,2274,1579,1387,512,350
911,1292,2985,1429,1448,584,381,890,1185,2046,1395,1283,550,349
862,1287,2578,1434,1375,571,412,849,1462,2314,1371,1506,613,372
925,1159,2713,1393,1327,611,435,741,1317,2226,1198,1726,633,384
831,1272,2377,1440,1299,628,409,796,1301,2722,1435,1539,611,399
767,1473,2645,1504,1457,624,420,874,1273,2498,1461,1483,557,371
827,1323,2339,1330,1501,850,414,890,1224,2929,1330,1531,680,375
928,1331,2028,1328,1437,799,430,895,1072,3193,1500,1569,627,391
862,1223,1973,1260,1501,707,424,881,1378,3019,1559,1510,569,372
806,1135,1885,1189,1330,619,403,1008,1318,3404,1371,1441,581,370
898,989,1835,1446,1394,609,400,901,1292,3014,1424,1261,577,380
833,1361,2169,1386,1383,635,417,840,1131,2717,1534,1213,533,352
797,1253,1942,1455,1489,629,413,846,1102,2342,1839,1377,566,393
819,1145,2292,1455,1325,596,383,1035,1110,2674,1650,1394,566,379
954,1027,2047,1427,1349,604,387,943,1330,2573,1406,1429,534,371
869,931,1870,1459,1480,569,407,913,1208,2502,1437,1488,527,369
844,1251,2700,1287,1579,595,421,870,1386,2858,1607,1400,553,388
781,1155,2564,1105,1415,574,393,974,1449,2979,1424,1540,564,368
937,1219,2491,945,1510,606,389,882,1286,2594,1364,1368,536,368
853,1079,2473,1125,1338,608,382,869,1224,2316,1337,1397,602,371
856,959,2268,1373,1465,598,398,962,1306,2528,1384,1417,552,361
860,896,2650,1664,1666,666,406,857,1634,2368,1217,1555,553,357
867,1075,2353,1500,1490,616,398,838,1471,2404,1420,1457,607,364
814,1034,2609,1290,1399,570,402,881,1360,2513,1280,1325,553,370
801,1203,2682,1102,1351,539,391,1037,1396,2325,1108,1305,517,472
918,1090,2338,1118,1389,557,418,934,1345,1985,1316,1277,564,400
836,1065,2280,1052,1449,570,430,926,1170,1737,1537,1298,516,362
878,1001,2568,1195,1560,587,406,890,1582,2012,1383,1455,536,364
859,1015,2736,1081,1498,575,399,943,1665,2238,1184,1403,521,392
923,1027,2532,1239,1393,552,399,840,1486,2277,1042,1448,535,405
834,1087,2719,1321,1499,563,404,907,1270,2101,922,1520,775,378
810,1195,2795,1342,1603,563,403,885,1253,2077,1188,1348,729,342
870,1067,2575,1182,1480,595,405,979,1569,2170,1192,1228,641,358
986,1063,2195,1258,1433,613,398,880,1585,1990,1169,1288,561,337
892,1080,2821,1259,1378,580,396,827,1669,2146,1101,1242,494,343
872,1178,3470,1114,1376,545,398,863,1505,2444,1089,1119,514,364
844,1058,3174,1474,1275,585,406,957,1288,2260,1152,1142,505,347
1015,1425,3558,1352,1215,569,380,897,1097,2345,1035,1115,484,351
923,1313,3139,1200,1266,584,377,842,1338,2277,925,1147,459,329
872,1153,3430,1312,1206,552,397,907,1478,2788,1147,1079,506,330
860,990,3413,1176,1175,550,405,826,1430,2772,1071,939,466,342
869,1204,3233,1203,1070,1074,535,782,1246,2477,935,1299,990,471
800,1270,3659,1303,1204,1036,567,863,1279,2280,1100,1197,961,475
707,1130,3231,1307,1112,915,526,1168,1215,2230,1132,1033,840,439
607,1182,3404,1457,1112,783,478,1076,1059,2542,1155,933,724,431
755,1150,2998,1301,1293,724,447,1047,1378,2294,1101,948,644,376
703,1165,2736,1498,1308,748,454,1097,1379,2122,1025,886,589,393
765,1029,2456,1390,1330,675,421,975,1202,1843,1068,848,595,361
791,1268,2655,1596,1370,660,413,837,1034,1688,1080,737,588,353
847,1335,2337,1551,1251,648,436,779,1168,1438,1062,805,559,329
765,1185,1975,1477,1079,656,409,931,1388,1506,1196,817,593,362
746,1186,1692,1629,1044,659,408,840,1546,1938,1230,877,552,370
855,1161,1752,1557,1060,665,416,804,1380,1755,1322,864,612,383
824,1370,1544,1351,946,828,418,830,1504,2324,1385,976,652,372
761,1242,2071,1468,858,769,414,995,1336,2157,1355,872,616,384
765,1339,2187,1440,862,705,421,920,1511,2732,1180,1039,658,356
838,1386,2674,1460,891,681,430,848,1571,2545,1165,948,593,382
758,1224,2398,1343,836,647,401,937,1376,2447,1107,829,589,358
762,1196,2037,1164,840,662,408,925,1426,2503,1134,973,594,360
781,1356,2845,1170,868,659,402,820,1244,2182,1121,913,539,376
861,1349,3532,1107,891,664,400,844,1161,1926,1165,970,543,352
781,1557,3167,1084,825,684,408,992,1061,1635,1197,919,527,350
746,1581,3131,1265,977,679,442,901,1405,2692,1273,913,607,359
780,1388,2847,1145,893,614,414,859,1282,2510,1216,929,560,365
863,1328,2421,1118,842,641,430,871,1286,2420,1117,816,507,380
791,1468,3271,1033,822,585,406,942,1428,2091,1179,1128,567,384
778,1312,2969,1269,956,579,402,914,1278,2223,1183,1192,550,356
733,1615,3133,1293,1044,639,404,867,1157,2219,1217,1063,562,342
769,1467,2740,1141,1008,590,406,871,1205,2181,1069,918,502,356
754,1260,2311,1297,1002,595,402,881,1455,2199,1045,962,531,353
780,1276,2155,1169,1087,570,442,873,1316,1919,1305,958,514,361
874,1271,1849,1128,979,578,421,832,1565,2111,1195,930,515,343
812,1312,1819,1089,979,592,409,836,1584,2527,1210,921,515,355
738,1163,1926,1059,1109,568,405,764,1378,2447,1320,1085,543,363
758,1372,2654,1089,1095,552,403,892,1171,2106,1233,1093,527,340
854,1242,2417,1101,1351,540,410,871,1470,2223,1160,966,499,352
768,1095,2064,1268,1888,1363,545,959,1647,1944,1324,1094,867,438
732,1209,2601,1244,1732,1339,575,863,1757,2122,1664,1273,838,462
924,1085,2342,1452,1488,1175,532,863,1550,2472,1551,1338,757,429
1204,1121,1992,1451,1268,1010,481,910,1325,2204,1333,1193,666,409
1104,1044,1752,1422,1176,869,437,830,1125,1941,1296,1025,626,414
979,1351,1567,1449,1223,752,429,949,957,2385,1200,870,640,380
903,1383,1462,1453,1367,721,426,1090,848,2135,1520,805,575,383
788,1211,1460,1497,1251,661,422,978,1103,1817,1385,881,521,363
712,1155,2042,1544,1159,702,436,843,1195,2217,1349,1006,644,411
734,1251,1866,1445,1183,698,408,798,1061,1995,1365,1158,600,387
826,1263,1914,1253,1046,646,411,921,917,1729,1557,1075,694,370
779,1114,1678,1394,937,599,411,834,897,1722,1458,1059,610,375
759,1385,1588,1246,956,734,420,821,1029,1719,1371,1149,571,379
767,1398,1732,1192,944,682,420,845,933,2133,1284,1241,613,388
813,1230,1956,1420,883,606,424,904,1162,1911,1202,1101,580,362
784,1130,1742,1552,913,657,428,827,1082,1809,1284,1103,549,368
778,1282,1582,1376,923,602,430,826,938,1619,1178,1126,547,377
856,1386,1348,1183,875,538,400,1078,809,1649,1125,1075,547,388
831,1438,1488,1469,839,590,429,928,851,1531,1274,1049,560,383
787,1271,1752,1335,831,546,424,827,976,1804,1318,1117,550,363
769,1173,1575,1155,864,558,395,791,1136,1672,1238,1073,527,363
917,1205,1549,1253,935,594,400,975,1121,1679,1338,1074,540,357
919,1460,2029,1388,1087,704,397,887,1030,2010,1191,1014,536,360
766,1324,1850,1238,986,850,393,899,897,1798,1207,1017,492,374
794,1326,2575,1434,1295,1155,457,842,968,1827,1859,1793,1970,520
712,1344,3775,1364,1474,1072,433,736,1028,1623,1727,1681,1953,501
627,1178,3457,1272,1311,935,438,642,1156,2823,1765,1449,1698,450
699,1031,3069,1233,1135,808,436,894,1160,2641,1518,1234,1431,414
737,917,2595,1229,1243,703,432,835,1013,2263,1370,1049,1207,377
761,930,2711,1222,1260,639,438,777,1081,2378,1382,1067,1027,340
692,1026,2802,1437,1441,627,406,704,1254,2390,1205,998,876,352
633,996,2442,1481,1331,619,404,643,1122,2081,1108,927,757,352
644,1015,3283,1459,1287,615,432,828,1190,2798,1082,954,656,353
736,895,2978,1437,1255,574,416,772,1140,2535,1145,1020,573,341
674,885,2911,1257,1375,658,420,716,1264,2763,1241,1092,515,358
606,886,2511,1079,1438,608,389,729,1132,2842,1211,937,535,336
641,894,2482,1247,1467,635,405,682,1116,2478,1187,1087,576,343
628,969,2840,1295,1603,660,420,700,1292,2834,1172,1081,546,323
714,981,2516,1374,1659,632,388,800,1166,2509,1115,1061,501,335
749,945,2729,1352,1465,612,390,708,1209,2249,967,1069,501,323
717,987,2540,1557,1320,610,408,725,1081,2442,1139,1005,542,327
697,879,2739,1570,1239,577,408,681,1127,2371,1033,913,524,334
647,1058,2615,1818,1419,589,408,673,1255,2099,1101,849,515,322
679,1024,2247,1691,1306,575,409,680,1123,2378,1143,926,508,327
769,924,2476,1733,1434,619,423,801,1240,2303,1019,968,521,332
705,1030,2865,1532,1435,628,436,730,1132,1979,1021,1025,500,324
709,1102,2647,1555,1338,588,407,672,1102,2508,1172,1064,501,334
647,1010,3085,1593,1310,880,435,695,1117,2432,1241,1135,602,354
675,991,2742,1662,1428,835,409,642,1149,2527,1125,1008,564,335
659,1081,3093,1651,1349,739,409,788,1112,2201,1131,1002,532,343
767,1004,2734,1642,1369,693,417,743,1144,1993,1225,1053,529,327
708,1152,3194,1433,1497,617,397,660,1077,2035,1152,977,498,331
644,1043,2924,1209,1365,657,397,669,936,1904,1502,981,522,341
637,1025,2485,1224,1314,602,407,617,1188,1760,1371,1005,549,329
673,1099,2580,1272,1377,642,411,683,1078,2688,1178,1117,585,341
701,1016,3100,1297,1341,615,415,793,985,2484,1092,1162,581,340
684,1109,2768,1341,1341,618,418,714,1016,2888,1032,1031,551,342
642,1137,3829,1458,1472,634,392,698,1134,3103,1011,883,487,325
691,1008,3597,1338,1510,614,391,676,1083,2723,893,930,499,320
697,1008,3074,1453,2543,1338,542,640,1105,2289,1076,1581,1320,461
743,1020,3413,1294,2377,1296,524,578,976,2110,1533,1478,1295,440
907,1163,3001,1182,2040,1135,476,521,1014,2915,1564,1387,1134,400
834,1226,2769,1458,1716,977,431,681,902,2661,1559,1423,963,372
732,1090,2366,1331,1451,841,437,781,1086,2258,1560,1255,824,380
642,1331,2605,1299,1459,730,403,706,1152,2048,1607,1162,716,353
665,1261,2696,1256,1510,660,431,626,1143,1886,1442,1153,623,354
673,1526,2433,1233,1400,605,403,626,1231,1846,1495,1154,551,329
642,1332,2373,1109,1604,610,435,679,1184,1513,1535,1110,503,340
637,1140,2129,1049,1484,608,411,677,1037,1923,1551,971,509,354
600,1268,2357,1036,1278,644,425,748,1185,1743,1492,963,532,334
642,1324,2286,1340,1364,645,401,673,1292,2272,1300,1111,552,414
669,1410,2922,1263,1348,962,425,714,1235,2062,1106,1050,716,404
673,1323,2933,1307,1185,906,429,679,1277,2286,1198,1245,675,368
665,1202,2570,1320,1013,799,423,675,1164,2024,1353,1252,599,332
653,1042,2635,1233,941,697,423,723,1000,1717,1322,1107,704,342
651,1185,3091,1267,1050,613,393,769,1117,1956,1536,1033,576,347
636,1118,2745,1263,1197,631,395,684,1084,1736,1513,1094,561,342
746,1224,2607,1636,1128,762,509,654,1283,2318,1490,1020,809,490
684,1267,2241,1496,1014,706,489,689,1223,2171,1559,922,769,471
644,1196,2879,1550,877,682,446,653,1090,2230,1374,928,674,431
695,1234,2599,1366,1024,613,409,683,1036,1940,1170,928,594,387
667,1172,2212,1346,1152,614,397,652,1035,2489,1220,910,535,356
774,1164,2803,1314,1101,590,431,628,1003,2253,1182,934,531,360
713,1315,2707,1491,1164,646,404,626,1018,1950,1442,838,539,330
680,1207,3362,1337,1032,698,418,635,959,1642,1276,758,508,327
706,1045,3016,1234,1145,647,419,699,977,2262,1333,976,478,347
685,1285,2552,1186,1224,615,421,726,1021,2054,1327,1012,493,327
682,1197,2904,1182,1095,555,391,657,1034,1922,1312,926,522,337
736,1241,2569,1144,946,575,412,653,1006,2134,1379,897,530,346
671,1210,2680,1442,1216,619,427,666,1006,1880,1439,987,479,346
647,1262,2849,1710,1208,610,401,660,1034,1599,1387,1050,499,348
646,1121,2497,1538,1184,634,398,749,979,1344,1361,987,492,328
636,1214,2467,1318,1040,602,402,745,1051,1470,1275,953,499,336
605,1258,2136,1514,964,535,416,726,1056,1479,1377,955,508,355
711,1342,1908,1634,1128,1137,500,680,1032,1539,1325,1191,1184,432
655,1192,2038,1507,1136,1103,472,656,1455,2796,1632,1298,1148,411
705,1045,2371,1560,1007,971,470,577,1342,2838,1472,1162,1012,373
884,949,2113,1532,935,839,436,631,1161,2467,1259,1094,863,375
817,831,2919,1392,920,733,441,800,1075,2419,1138,1132,747,342
759,807,2660,1433,977,668,441,746,1097,2113,1271,998,652,365
672,799,2408,1573,1167,592,410,654,1065,2521,1248,946,567,343
611,812,2059,1398,1065,585,404,614,921,2250,1163,1095,521,344
658,864,1840,2016,957,615,395,626,1033,1907,1361,992,498,360
759,846,2907,1966,1005,625,411,654,1183,2702,1695,1041,540,356
696,1014,2715,1949,1260,603,414,738,1069,2466,1531,1010,552,360
640,927,2858,1695,1285,613,416,724,1140,2099,1312,881,539,331
624,1000,2678,1440,1216,753,413,671,1092,2356,1194,929,553,344
673,928,2290,1226,1063,699,410,668,999,2693,1210,941,521,376
682,942,2350,1437,915,617,420,697,1028,2409,1225,1133,548,343
774,980,2489,1844,1015,629,426,651,1135,2937,1454,1117,596,323
942,1003,2281,1772,1187,665,419,753,1078,2633,1599,977,572,355
696,953,2330,1530,1322,642,417,686,1040,2426,1775,993,563,371
651,932,2089,1510,1186,602,420,667,1104,2065,1846,1013,599,347
635,907,1779,1314,1026,619,410,638,993,2595,1624,933,547,339
720,992,2396,1130,1165,619,411,660,1047,2420,1749,893,589,338
720,895,2181,1143,1147,595,387,666,1047,2232,1834,951,545,335
678,891,1921,1494,1168,686,400,729,1075,2364,1882,999,607,351
644,886,2249,1710,1078,636,413,673,1099,2076,1838,1119,614,367
624,1063,2357,1523,1130,700,435,689,981,2224,2187,1543,1052,379
562,971,2153,1307,1222,667,459,759,1420,2713,1944,1418,1084,361
871,1419,3009,1226,1298,658,448,686,1372,2424,1660,1283,891,353
827,1311,2781,1455,1270,623,425,811,1393,2281,1656,1143,755,352
1001,1219,2760,1686,1108,659,463,1219,1365,2330,1616,974,657,360
1215,1239,2903,1725,1284,658,431,1135,1409,2445,1697,1154,615,388
1155,1275,2537,1773,1384,668,396,1192,1351,2836,1943,1254,679,371
1169,1508,3361,1940,1517,717,399,1254,1181,2701,1943,1176,617,337
1183,1362,3041,1716,1383,650,404,1233,1418,2605,1747,1448,593,350
1207,1253,3365,1684,1245,618,407,1465,1371,2249,1485,1309,624,382
1497,1213,3531,1657,1336,630,425,1315,1424,2825,1510,1329,603,351
1361,1059,3078,1445,1299,606,400,1367,1428,2531,1693,1613,799,348
1289,1471,3477,1477,1289,603,402,1601,1493,2862,2021,1471,737,348
1454,1357,3073,1417,1313,608,419,1433,1493,2561,1813,1272,648,368
1301,1341,2907,1464,1245,600,431,1348,1589,2521,1619,1416,588,352
1310,1176,3285,1516,1186,668,401,1156,1405,2674,1391,1260,512,348
1146,1103,2932,1353,1373,659,396,1332,1468,2364,1296,1226,484,352
1298,1401,3010,1223,1352,597,413,1641,1471,2592,1238,1170,538,346
1448,1422,2617,1296,1188,608,385,1481,1440,2280,1357,1178,520,354
1328,1252,3085,1252,1023,554,389,1411,1594,2365,1279,1269,499,338
1303,1364,2745,1094,961,560,390,1421,1419,2124,1142,1126,505,367