m82_L0,m82_L1,m82_L2,m82_L3,m82_L4,m82_L5,m82_L6,m82_R0,m82_R1,m82_R2,m82_R3,m82_R4,m82_R5,m82_R6
1384,1768,2208,2150,1944,2013,1504,1389,1557,1827,1880,2738,1866,1384
1773,1574,2080,1853,1657,1716,1292,1493,1425,1576,1752,2323,1606,1178
1612,1344,1808,1871,2527,2817,1656,1325,1205,1352,1508,2556,3047,1686
1384,1141,1776,1842,2519,2862,2000,1129,1024,1336,1708,2537,2860,1871
1179,1209,2348,2114,2240,3314,1858,965,1529,1411,1746,2201,2734,1811
1003,1709,2470,2250,1928,2942,2362,825,1413,1840,1960,1887,2611,2254
932,1577,2328,2386,2378,2718,2141,737,1246,1709,2413,1964,2636,2022
817,1365,2288,2671,2378,3048,1905,647,1338,1737,2163,1911,2847,1786
713,1620,2214,2363,2362,2783,1980,561,1210,1894,2123,2161,2496,1626
648,1459,2210,2171,2396,2430,1856,559,1089,1872,2137,2124,2352,1866
707,1313,2170,2218,2590,2890,1956,632,1313,1628,1855,2063,2593,1901
644,1667,2554,2581,2279,2855,1959,577,1232,1723,2414,1900,2788,1757
572,1517,2279,2884,2159,2467,1770,506,1185,1553,2183,1873,2447,1680
825,1303,1931,2552,1859,2078,1513,838,1032,1325,1857,1632,2065,1455
777,1113,1629,2167,2132,2479,2353,799,883,1512,1941,2195,2373,2167
689,1477,2008,2396,2197,2643,2189,708,1238,1895,1981,2153,2102,1998
701,1523,2069,2252,2884,2869,2184,727,1173,1706,1872,2665,2559,2046
633,2208,2117,2461,2663,3017,2124,651,1774,1946,1678,3149,2751,2096
562,2562,2676,2344,2742,2640,2306,572,1990,2166,2185,2786,2411,2065
573,2287,2436,2018,2401,2747,2530,553,1750,2152,2237,2362,2595,2084
523,2200,2112,2204,2237,2568,2330,498,1706,2288,1969,2197,2409,1908
647,2168,2092,2446,2165,2576,2158,625,1723,2011,1959,2181,2801,1705
612,2004,2237,2295,2109,2575,2154,578,1578,2000,1885,2033,2657,1827
548,1722,2548,2799,2721,2843,2409,513,1377,2008,2188,2477,2656,1899
624,1946,2256,2506,2460,2540,2458,608,1718,1962,2462,2571,2816,2768
574,2022,1918,2291,3231,3784,3767,560,1776,1702,2465,3004,3839,3829
519,1779,3659,3094,3616,4032,3876,513,1736,3459,3049,3748,4043,3577
755,3631,3466,2818,3194,3629,3370,747,3623,3266,2740,3357,3865,3058
1201,4002,2958,2393,2691,3073,2830,1143,4000,2798,2315,2887,3313,2543
1201,4076,2483,2009,2250,2639,2526,1134,4076,2339,1938,2379,2767,2123
1961,3897,2079,1691,1885,2224,2235,1933,3871,1954,1628,1973,2312,1816
3668,3337,1746,1423,1584,2261,1898,3654,3307,1634,1361,1653,1922,1757
3520,2791,1469,1206,1400,2051,2174,3430,2767,1372,1156,1393,1958,2045
3980,2333,1247,1030,1348,2031,1940,3962,2299,1329,987,1446,2040,1827
4072,1954,1055,883,1316,2039,1656,4068,1925,1019,837,1270,1918,1559
4090,1642,942,1102,1528,2036,1635,4089,1610,976,809,1329,2096,1625
4094,1386,1005,1009,1372,1773,1424,4093,1354,850,737,1366,1856,1428
4094,1606,1135,1377,1901,1577,1424,4094,1410,877,1117,2114,1570,1504
4094,1442,1108,1321,1925,2121,1659,4039,1244,1150,1285,1951,1989,1331
3631,1240,1035,1686,2119,1988,1610,3473,1147,1054,1987,1919,2129,1632
3403,1224,1145,1706,1872,2428,1640,2937,1101,1249,1841,1714,2113,1473
2899,1990,1252,2050,1628,2423,1588,2446,1752,1137,1601,1959,2093,1621
2429,1862,1119,1829,1720,2387,1907,2041,1640,1103,1757,1776,2164,1793
2033,1901,1475,2149,1717,2485,1914,1700,1496,1424,1847,1986,2238,1598
1705,1890,1447,1924,2297,2276,1778,1427,1664,1320,1645,2617,2274,2101
1429,1857,1654,2204,2959,2228,2206,1205,1836,1800,2013,2639,2550,2230
1511,1676,1480,2175,2859,2245,1986,1381,1630,1642,1806,3164,2259,1950
1335,1921,1400,1971,2462,1956,1752,1236,1854,1403,1687,2823,1912,1711
1591,1845,1216,1684,2071,1658,1494,1419,1653,1188,1452,2551,1609,1403
1432,1549,1569,2558,1739,2286,2268,1278,1401,1359,2082,2023,2215,1980
1485,1309,1467,3532,2152,2537,2159,1302,1353,1609,3248,1933,2963,1820
1332,1168,1443,3597,2172,2631,2023,1146,1251,2229,3061,1739,2688,1880
1127,1462,1362,3206,2197,2308,2161,979,1748,2037,3073,2255,2279,1950
963,1666,1345,3177,2464,2488,2435,835,1924,1839,2653,2102,2406,2134
826,1494,1185,2832,2676,2248,2158,724,1707,1703,2461,2460,2386,1878
714,1514,1361,2582,2779,2713,2447,632,1867,1834,2197,3107,2466,1986
871,1330,1225,2732,2631,2706,2173,890,1649,1806,2085,3471,2494,1819
871,1522,1130,2392,3097,2730,2319,828,1820,1572,2267,3283,2566,2068
777,1392,1111,2756,2756,2683,2194,730,1619,1596,2450,2799,2617,1989
697,1335,1449,2999,2336,2593,1933,654,1635,1392,2156,2624,2276,1921
593,1446,1325,2640,2112,2610,2193,556,1841,1368,3098,2521,2479,1823
609,1358,1547,2501,2133,2506,1951,682,1696,1331,2826,2385,2451,1816
536,1474,1389,2701,2429,2880,1802,689,1916,1627,2658,2539,2703,1593
733,1402,1394,2930,2826,2842,2038,781,1701,1455,3102,2348,2657,2115
696,1395,1378,3030,2744,2793,2197,712,1903,1287,2751,2178,2357,1792
628,1399,1537,2890,2731,2509,2275,623,1741,1827,2376,2417,2542,1978
629,1363,1813,2526,2365,2899,1989,634,1922,1675,2208,2344,2952,1750
569,1443,1702,2670,2278,2580,2064,574,1842,2043,1899,2356,2625,1907
641,1328,1470,2366,2686,3185,2432,666,1757,1841,1619,2101,2714,2210
590,1391,1739,2920,3216,3832,2521,608,1923,1573,1557,2966,3472,2112
759,1327,1568,2608,2871,3416,2450,762,1803,1745,1676,2698,3125,2273
710,1491,1471,2829,2428,3120,2117,697,1866,1545,2425,3004,2917,2508
635,1491,1282,2492,3558,3900,2777,686,1663,1325,2871,3876,3859,2358
679,1307,1385,3028,3403,4056,3344,679,1555,1815,3020,3625,4047,2225
639,3537,2303,2711,2923,3552,3009,655,3587,1956,2630,3084,3799,1922
1335,3983,2153,2303,2454,3119,2533,1022,3993,1715,2214,2585,3247,1778
2238,3853,1845,1927,2054,2555,2200,2241,3831,1455,1856,2153,2707,1528
2314,3312,1561,1616,1724,2126,1862,2309,3285,1237,1558,1794,2255,1286
3738,2773,1314,1370,1450,1782,1567,3737,2750,1044,1310,1503,1879,1093
3962,2309,1120,1162,1227,1494,1311,4023,2287,884,1103,1263,1574,934
4068,1936,962,1069,1047,1264,1121,4080,1907,760,943,1072,1326,992
4089,1628,827,1088,1115,1076,1241,4092,1599,657,1001,1060,1223,970
4093,1376,1085,969,1416,1140,1118,4094,1347,737,934,1167,1228,966
4094,1166,1292,1042,1455,1524,1228,4094,1133,999,838,1159,1624,1246
4066,1137,1240,2010,1573,1665,1217,3762,1235,1282,2352,1933,1692,1417
4035,998,1360,2061,1763,1903,1285,3823,1247,1196,2739,2409,1800,1362
3473,962,1246,2297,2214,2156,1636,3304,1342,1555,2907,2173,2280,1318
3269,850,1212,2036,2143,2500,1694,2808,1214,1425,2519,2179,2059,1392
2797,1007,1635,2847,1852,2320,1923,2360,1462,1440,2114,2110,2417,1883
2349,971,1710,2835,2264,2307,1949,1967,1320,1359,2274,2102,2351,1813
1965,1091,1510,2511,2197,2577,1704,1644,1651,1216,2225,2398,2915,1621
1643,1043,1607,3199,2571,2649,1951,1375,1497,1308,2487,2180,2707,1641
1388,1204,1818,2894,2411,2561,2085,1163,1534,1477,2200,2656,2380,1748
1241,1091,1707,2975,2639,3020,2001,1263,1340,1569,2236,2380,2827,1540
1129,1031,1747,2591,2809,2692,1999,1156,1402,1716,1946,2566,2527,1679
1417,951,1537,2184,2844,2828,2163,1358,1244,1696,1822,3273,3243,1989
1317,978,1650,2992,2960,2471,2090,1252,1538,1820,2387,2891,2916,1904
1288,1098,1584,3464,2885,3305,2330,1280,1394,2023,2932,2899,2795,2096
1127,1182,2034,3069,3041,3471,2066,1131,1614,2512,2645,2819,3344,1952
975,1266,1843,2593,2918,3030,1856,966,1607,2401,2241,2727,2986,1680
935,1620,2162,2173,2865,3257,1748,860,1937,2638,1885,2411,2524,1857
823,1477,2032,1825,2546,2979,1822,741,1741,2324,2161,2044,2447,1877
714,1503,1818,1626,2845,3369,2313,647,1935,2127,1928,2465,3191,1818
978,1379,2098,2150,2889,2981,2242,900,1787,1805,2438,2819,2881,1930
912,1551,1988,1958,2776,3872,1936,834,1947,1921,2194,3051,3764,1794
804,1462,2087,2277,2804,3543,2300,727,1750,2083,2280,2860,3389,2219
697,1416,2287,2213,2584,3162,2432,664,1902,2349,2699,2572,2862,2001
619,1511,2243,2494,2711,3908,2225,585,1932,2247,2677,2428,3848,2326
678,1339,2379,2479,2690,3623,2021,866,1842,2576,2764,2677,3592,2073
622,2260,2243,3059,2957,3659,2044,690,3008,2277,2586,2395,3056,2034
762,3286,2390,3098,2612,3265,1784,756,3877,2886,2890,2783,2847,1760
766,3933,2254,2871,2209,2763,1697,800,4051,2715,3150,2471,2425,1656
688,3689,2733,2893,2201,2816,2061,724,4084,3101,2993,2792,2349,1744
778,3145,2437,2519,1997,2688,1855,820,3540,2919,2728,2705,2633,1682
710,2634,2462,2215,2649,3000,1803,746,2960,2823,2312,2430,3081,1758
701,2202,2684,2771,2894,2638,1902,706,2464,3079,2076,2373,2813,2006
627,1900,2424,2491,2542,2545,2111,629,2135,2804,1774,2174,2517,2076
624,1608,2066,2561,2758,3259,2125,608,1803,2383,2026,2636,2799,2546
557,1850,1741,2657,2671,2963,2010,548,1922,2238,2366,2359,2688,3083
695,1655,1469,3408,3810,3868,3678,748,1693,1909,2952,3312,3813,3892
647,1473,3569,3058,3689,4049,3703,704,1846,3483,2643,3027,4038,3552
633,3570,3453,2597,3161,3634,3203,703,3645,3267,2248,2561,3851,3002
1130,3990,2974,2181,2646,3079,2692,1107,4005,2783,1883,2139,3298,2508
2330,4074,2495,1827,2217,2571,2334,2245,4077,2331,1573,1789,2755,2100
2215,3566,2087,1538,1858,2273,1986,2136,3576,1951,1321,1669,2300,1821
3623,2991,1752,1300,1615,1977,2474,3651,3006,1631,1129,1507,1914,2083
4000,2503,1475,1105,1668,1898,2226,4006,2508,1373,1189,1639,2045,1847
4076,2094,1248,1090,1465,2063,1898,4077,2212,1194,1112,1783,1937,1575
4091,1749,1062,1203,1685,1822,1766,4091,1768,1241,970,1575,1887,1443
4094,1476,1030,1523,2112,2221,1554,4094,1473,960,976,1587,2162,1299
4094,1320,938,1383,1895,1997,1352,4094,1243,1085,1021,1540,1934,1147
3741,1476,1104,1493,2011,1701,1394,3707,1318,1133,1057,1829,1637,1292
4024,1556,1735,1892,1960,1780,1282,3804,1359,1424,1227,2064,1605,1153
3816,1380,1647,1919,1989,1601,1442,3504,1194,1293,1231,1835,1389,1191
3480,1180,1571,2501,1790,1648,1447,3020,1022,1348,1463,2311,1682,1221
2947,1313,1767,2269,2128,1864,1608,2537,1144,1468,1747,3040,1842,1476
2467,1353,1643,1935,2101,1648,1491,2116,1026,2202,2035,2748,1626,1345
2059,1224,1646,2143,2267,2326,1659,1772,985,2034,2023,2330,2311,1473
1731,1368,2122,1899,2235,2131,1903,1482,1140,1878,1755,1959,2113,1777
1453,1500,2074,2206,1939,1824,1699,1327,1122,1610,1684,1643,2145,1678
1835,1333,2049,1961,1906,2521,1725,1865,978,1790,1904,1799,1873,1532
1665,1146,1898,2041,2726,2374,2208,1708,1206,1590,2422,2632,1832,1545
1765,1429,2002,1854,2497,2581,1998,1532,1142,1353,2195,2731,2759,2092
1552,1339,2376,2981,3509,3792,1915,1312,1581,1477,3095,2382,3827,2036
1352,1727,2124,2762,3202,3556,1733,1157,1587,1548,2826,2310,3559,1758
1157,2416,1976,2751,2722,3036,1540,983,2199,2262,2402,2450,3031,1486
989,2588,2440,2963,2279,2841,1490,847,2398,2446,2454,2436,2959,1472
850,2264,2200,2603,2295,2645,1926,834,2358,2191,2579,2543,2671,1647
1007,1916,1872,2199,3005,2264,1826,1050,2037,1825,2257,2347,2746,2047
920,2168,1949,1902,2720,2396,1610,955,2065,1698,2153,2656,2391,1841
977,2297,2186,2240,3250,2374,1896,930,2111,1784,2251,2717,2003,1732
875,2020,1961,2920,2898,3492,1816,813,1838,2100,2145,2779,2705,1754
761,1819,2568,2640,2528,3207,1882,707,1554,1880,2244,2459,2455,1758
659,1560,2358,2243,3323,2751,1652,655,1663,1656,2748,2507,2339,1598
583,1967,2014,2319,3224,2618,2057,585,1686,1719,2457,2366,2414,1785
572,2103,2775,3010,2775,2898,1856,530,1678,1506,2089,2880,2496,1583
638,1856,2541,2718,2883,2843,1787,662,1458,1349,2645,2613,2456,1643
677,1896,2168,3122,2527,2564,1558,658,1497,1449,2385,2338,2158,1522
612,2082,2596,2695,2959,2540,1618,622,1641,1831,2746,3743,2278,1313
547,2270,2451,2814,2640,2657,1479,556,1882,1896,2591,3556,2482,1747
579,2290,2103,2519,2392,2591,1679,612,1818,1660,2886,3044,2186,1652
595,2181,1773,2171,2883,2246,1918,620,1738,1872,2984,2816,2045,1692
537,1936,1965,2707,3852,2687,1710,562,1663,2306,2597,2812,2309,1731
480,1956,2451,3236,3598,2402,1866,495,1743,2399,2358,2531,2164,1926
673,1705,2224,3077,3073,2446,1943,611,1537,2094,2898,3245,2128,1789
694,1949,2621,3431,3176,2625,1923,575,1668,2292,2848,3560,2794,2417
602,2023,2336,3509,3205,3801,3011,554,1724,2022,2908,3308,3834,2762
554,3247,2598,3053,2791,4036,2789,539,3030,2206,2524,2830,4042,2454
906,3925,2287,2564,2352,3780,2381,857,3882,1939,2121,2358,3786,2068
1167,4061,1943,2148,1978,3227,2001,1104,4052,1650,1783,1976,3226,1740
2427,3899,1639,1803,1658,2700,2086,2425,3864,1391,1500,1653,2694,1463
2310,3329,1385,1512,1396,2252,1831,2320,3309,1171,1253,1389,2243,1233
3738,2793,1176,1280,1185,1888,1553,3740,2769,993,1069,1168,1899,1049
4023,2337,1004,1085,1009,1582,1305,4024,2297,858,909,996,1576,961
4080,1960,913,936,1003,1338,1120,4080,1928,761,774,857,1321,941
4092,1644,872,1128,988,1418,1052,4092,1606,726,1067,945,1250,1005
4094,1388,989,1415,1383,1374,1115,3839,1358,1125,994,1334,1856,1205
4094,1177,1158,1433,2352,1746,1257,4043,1145,1057,1362,1444,1887,1396
4094,1163,1050,1756,2364,2254,1647,4084,1023,1644,1508,1815,1840,1532
4094,1026,1400,2042,2376,2093,2155,4036,884,1531,1656,1643,2012,1697
3709,1358,1530,1885,2075,2167,2031,3469,789,1317,1469,1803,2213,1810
3139,1246,1353,2650,2833,2939,1748,2889,867,1925,1616,2148,2290,1816
2619,1626,1170,2426,2585,2671,1829,2413,1088,2189,1644,1922,2037,1648
2178,1494,1478,2813,2277,2315,1701,2006,988,1939,1583,1941,2287,1609
1829,1655,1666,2501,2393,2673,1612,1679,1066,1653,1381,2080,2024,1441
2221,1622,1486,2115,2350,2377,1862,2322,1214,1583,1409,1831,2117,1489
2896,1415,1558,2643,2038,2019,1666,3110,1097,1607,1631,1956,2061,1848
2965,1658,1712,2500,2042,2151,1606,3020,1133,1439,1633,1900,2641,1666
3296,1490,2001,2414,2198,2399,1681,3142,1139,1231,1825,2260,2460,1695
2905,1502,1789,2082,2394,3029,1962,2727,1089,1044,1988,2324,2911,1840
2455,1574,1574,2549,2468,2906,2374,2295,982,1513,1754,2472,2583,2137
2055,1530,1880,2289,2143,2723,2416,1918,1012,1535,1574,2442,2692,1934
2071,1636,1689,2637,2067,3189,2280,1868,1056,1715,1638,2496,2500,1898
2506,1448,1550,2358,2487,2849,2132,2319,991,1529,1438,3331,2324,1890
2314,1568,1249,2598,2387,2786,2300,2093,1039,1448,1582,3004,2316,2088
2490,1390,1328,2338,2173,2719,2432,2135,1000,1532,1570,2552,2542,2413
2186,1627,1440,2027,3069,2816,2143,1868,1168,1974,1958,2585,2740,2141
2284,1635,1282,2031,3309,2749,2060,2027,1210,1794,2317,2629,3140,2202
2293,1432,1104,2391,2899,2916,2096,2232,1155,1528,2069,2680,2780,2253
2314,1628,1391,2199,2443,2925,2306,2069,1297,1763,1855,2627,2664,1965
2717,1452,1460,2109,2171,3179,2379,2423,1157,1579,1958,2264,3200,1686
2416,1712,1600,2026,3326,2788,2090,2150,1404,1553,1830,2188,2874,1792
2391,1557,1799,1799,3036,2671,2110,2049,1265,1349,1582,2808,2631,1719
2063,1736,1596,2303,3010,2574,1838,1747,1455,1153,1803,3342,2840,1647
2271,1605,1788,2580,2710,3112,2092,1998,1460,1478,1926,2970,2785,2053
2684,1381,1940,2286,2443,2976,2285,2326,1277,1590,2447,2559,2525,2192
2412,1561,2216,2346,2337,2795,2032,2066,1417,1522,2776,2494,2513,1924
2483,1395,1972,2050,2739,2448,1983,2027,1247,1650,2456,2644,2710,1899
2167,1491,2076,2050,2430,2915,2065,1743,1331,1765,2336,2597,3518,2259
2247,1431,2232,2053,2911,2652,1809,1989,1424,2023,2006,3091,3159,2020
2291,1247,1960,1792,2601,2256,1782,2265,1250,1994,2217,2754,2674,1713
2218,1256,1670,1521,2201,1897,1551,2119,1072,1732,1949,2334,2233,1452
2558,1108,1404,1290,1854,2285,2927,2361,910,1470,1741,1947,2953,2536
2272,948,1777,3402,3383,3733,3861,2071,825,1878,3193,3009,3866,3783
1919,3139,3631,3288,3175,4022,3711,1755,3347,3430,2993,2773,4049,3738
1620,3903,3455,2824,2715,3815,3186,1798,3945,3211,2556,2355,3873,3217
1371,4056,2959,2369,2277,3267,2668,1565,4065,2743,2139,1976,3316,2697
2677,4087,2483,1988,1904,2735,2296,2541,4089,2303,1785,1663,2763,2246
3271,3562,2075,1660,1604,2370,2219,3782,3667,1920,1494,1397,2305,1881
3878,2998,1735,1408,1543,2062,2586,4032,3100,1608,1270,1349,1969,2354
4051,2498,1465,1192,1391,1792,2297,4082,2591,1346,1068,1325,1674,2118
4086,2089,1245,1020,1199,2192,1953,4092,2159,1139,924,1159,2053,1795
4093,1753,1309,1008,1315,1974,1647,4094,1808,971,1007,1110,1942,1680
3852,1476,1902,1442,1667,2313,1782,3818,1512,1129,1557,1322,2167,1627
4046,1490,1853,1609,1874,2065,1724,4039,1528,1406,2092,1519,2314,1755
4085,1310,1603,1786,1817,2518,1491,4083,1339,1308,2260,1538,2636,1548
4071,1314,1857,1689,1696,2269,1800,3891,1252,1281,2328,1653,2452,1557
3504,1170,2479,1461,1782,2746,1624,3326,1084,1516,2031,1696,2304,1526
2928,1010,2257,1884,2157,2730,1542,2776,928,1733,1870,1744,2531,1787
2440,1032,2268,2268,2235,2660,1599,2310,1211,1675,2036,1707,2313,1604
2044,915,2524,2492,2334,2592,1518,1922,1111,1500,2360,1718,2563,1453
1916,1048,2236,2202,2187,2483,1815,2159,1305,1316,2653,2231,2619,1473
2081,1112,1936,1880,1956,2441,1621,2267,1297,1160,2835,2019,2312,1459
2997,1192,1903,1607,2300,2486,1733,3095,1238,1541,2495,1755,2398,1635
2881,1227,2133,1878,2068,2636,1588,2891,1348,1563,2091,2110,2432,1502
3276,1318,2473,2582,2501,2696,1816,3027,1196,1613,2303,2074,2864,1650
2902,1315,2308,3403,2548,2998,1993,2644,1282,1411,2443,2227,2864,1764
2475,1161,2500,3062,2440,2988,2158,2217,1425,1878,2794,2517,2876,1752
2076,1278,2200,2593,2391,3340,2082,1850,1268,1706,2562,2325,2488,1688
2140,1305,2411,2177,2316,2945,2166,1910,1277,1660,2506,3197,2590,1945
2596,1174,2129,1825,2320,2945,2248,2480,1119,1540,3383,2944,2311,2209
2315,1190,2237,2270,2325,2815,2460,2102,1165,1764,3270,2502,2121,2297
2280,1052,1963,2208,2554,2572,2182,2045,1132,1576,3141,2238,2841,2005
1970,1252,2568,2827,2660,2872,2050,1758,1191,1375,2701,2670,3047,1694
2202,1237,2329,2714,2327,3098,2241,1941,1264,1755,2250,2904,2658,2246
2560,1089,2599,2322,2099,2721,2153,2333,1128,1779,2214,2545,2785,2326
2326,1165,2783,1957,2045,2793,2319,2093,1244,1935,2964,2652,2424,2042
2608,1041,2444,2643,2255,2500,2230,2283,1132,1918,2941,2437,2554,2315
2308,1210,2863,2522,2604,2988,2145,2007,1244,2301,3032,2513,2568,2049
2268,1260,2554,2706,3239,2965,2325,2062,1294,2470,2629,2794,2870,1821
2132,1124,2416,2377,2904,2565,2046,2296,1134,2172,2242,2470,2543,2073
2215,1232,2925,2128,2465,3223,2199,2045,1174,2313,2235,2084,2696,1844
2591,1106,2617,2440,2497,3058,2059,2349,1227,2394,1945,2127,2428,1742
2309,1232,2591,2701,2343,3029,1823,2081,1251,2634,2013,2593,2296,1627
2229,1104,2243,2792,2295,2718,2448,2021,1091,2314,2548,2329,2225,1764
1921,1164,2753,2615,2313,2634,2226,1742,1256,1963,2604,2833,2311,1716
2065,1341,2542,2449,2399,2706,1952,1911,1212,1648,3014,2536,2134,1760
2455,1207,2172,2101,2335,2358,1654,2389,1056,2009,2673,2148,1823,1529
2207,1041,1829,1769,1829,1989,1399,2156,910,1807,2265,1798,1542,1297
2322,899,1536,1497,1513,1675,1186,2064,787,1539,1899,1628,2614,2402
2032,798,1375,3053,2880,3611,2798,1748,675,1299,2979,2884,3798,2622
1718,3184,2399,2897,2719,3998,2688,1518,3411,1872,2757,2688,4035,2300
1450,3912,2251,2485,2331,3676,2319,1560,3958,1726,2348,2300,3787,1944
1322,4058,1935,2090,1962,3116,2150,1372,4067,1481,1966,1935,3223,1741
2414,3897,1635,1757,1650,2682,1851,2409,3868,1251,1649,1631,2703,1485
3758,3336,1381,1477,1392,2240,1563,3757,3304,1059,1387,1367,2249,1248
4027,2796,1171,1252,1170,1890,1320,4027,2762,910,1173,1151,1880,1062
4081,2333,999,1057,1007,1588,1122,4081,2302,798,997,979,1620,908
4092,1954,859,911,963,1344,996,4092,1920,702,870,904,1329,1040
4094,1641,949,1253,1234,1255,1327,4094,1611,967,879,1311,1191,1246
4094,1382,1099,1203,1730,1897,1451,4094,1356,917,1023,1584,1425,1233
4094,1172,1453,2111,1714,2085,1465,4094,1203,1261,1571,1773,1619,1364
4094,1005,1515,2724,1904,1872,1838,4094,1024,1454,1578,2185,1812,1421
4094,885,1446,2884,2258,2042,1676,4094,997,1309,2126,2859,1931,1452
3559,861,1343,2527,2153,2333,1568,3476,881,1353,1938,2581,2509,1583
2983,829,1855,2931,2438,2329,1529,2894,762,1470,2189,2573,2264,1604
2483,1187,1746,2607,2288,2017,1640,2407,1128,1303,1942,2592,1932,1684
2076,1108,1678,3735,1955,2021,1484,2004,1054,1551,1652,2409,2088,1537
2264,1054,1725,3413,1891,2220,1619,2506,1044,1484,1999,2056,1963,1501
2209,1239,1538,3604,1993,2582,1751,2374,1275,1433,1787,1727,1979,1749
3241,1334,1436,3152,2088,2290,1734,3226,1363,1303,1785,1520,2011,1568
2969,1270,1374,3107,2164,2661,2014,2923,1204,1583,2010,1540,2195,1836
2994,1110,1431,3419,2882,2373,1791,2617,1034,1895,2057,1867,2608,1640
2586,1121,1265,3008,2734,2533,2056,2203,1219,1691,2893,2052,2328,1550
2225,1135,1174,2524,2353,2347,2394,1992,1175,1965,2633,2239,2167,1767
2139,1079,1556,2120,2281,2876,2139,2022,1320,1885,2281,1978,1987,1681
2038,1223,1436,1782,2659,2833,2272,1841,1261,1627,1973,2045,2141,1915
2403,1108,1268,1924,2916,2769,2083,2145,1208,1907,2231,2205,2433,1888
2148,1143,1564,2118,3302,3361,2011,1917,1403,1857,1972,1993,3012,1744
2142,1157,1416,2721,3212,3193,2011,1886,1265,1603,1830,2485,2786,1892
1909,1022,1456,2451,2913,2733,2142,2039,1309,1611,1883,2478,2373,1848
2113,1242,1350,2319,2860,2396,2168,1955,1243,1551,2093,2177,2162,2201
2500,1130,1285,2341,2465,2616,2379,2222,1344,1405,2048,2057,2526,1961
2231,1100,1605,2698,2493,2613,2211,1972,1196,1709,1932,2248,2590,1745
2161,978,1968,2750,2960,2618,2200,1932,1021,1718,2040,2287,2809,1972
1865,1340,1888,2451,3076,2726,2025,1664,1309,1726,2446,2454,2474,1975
2105,1236,2095,2169,2681,2563,2051,1840,1295,1846,2255,2463,2433,1797
2501,1081,2158,1841,2939,2426,1930,2227,1300,1974,2212,2299,2101,1607
2241,1406,1915,2336,2871,2968,2078,2005,1449,1932,1912,2691,2133,1959
2420,1290,1958,2918,2691,2660,2150,2102,1287,1676,2320,2681,2469,2061
2129,1202,2254,3760,3266,2852,2080,1829,1371,2103,2484,3202,2203,1800
2135,1382,2008,3609,2916,2800,1996,1933,1459,2345,2641,3233,2257,1744
2059,1241,1740,3213,2472,3141,2288,2124,1293,2075,2445,2799,1971,1612
2089,1170,1723,2872,2564,2773,2179,1971,1136,2008,2306,2352,2008,1799
2455,1116,1506,2459,2236,2346,1877,2276,1104,1730,1969,1961,1753,1592
2188,1150,1283,2068,1894,1966,1583,2017,994,1460,1655,1641,1485,1492
2152,1030,1091,1899,2602,3669,3592,1997,857,1239,1762,2982,3573,3574
1851,1255,2827,3383,3299,4009,3708,1721,1253,3219,2876,2885,3990,3746
1563,3527,3164,3168,2969,3859,3213,1537,3526,3655,2672,2477,3838,3259
1346,3981,2792,2709,2520,3323,2703,1487,3981,3227,2283,2076,3291,2797
1311,4072,2358,2264,2109,2785,2456,1291,4072,2718,1905,1835,2751,2295
2180,4046,1976,1904,1771,2329,2293,2102,3976,2274,1603,1558,2292,1913
3712,3490,1660,1591,1541,2745,1963,3696,3428,1905,1347,1313,2372,1664
3904,2926,1402,1349,1430,2448,2481,4015,2853,1601,1134,1430,2406,2390
4056,2437,1190,1146,1654,2271,2239,4079,2378,1336,969,1490,2389,2200
3857,2025,1014,1290,1481,2695,1908,3841,1967,1131,911,1612,2530,1874
4047,1710,1006,1846,1557,2407,1900,4044,1654,1111,1340,1433,2213,1878
4085,1441,904,2158,1592,2360,1665,4084,1393,1075,1743,1737,2044,1634
4093,1518,1233,2410,2027,2354,1704,4092,1321,1257,1829,2109,2255,1735
4094,1383,1193,2132,1831,2148,1583,3983,1196,1129,1607,2030,2349,1865
3908,1367,1167,2159,1887,2209,1683,3416,1316,1197,1563,2162,2188,1648
3329,1199,1253,2258,2202,2529,1783,2859,1174,1516,2065,1934,2268,1575
2809,1027,1576,2631,2715,2757,1892,2395,1010,1449,2288,2221,2616,1655
2337,1405,1432,2598,2446,2674,1840,1989,1246,1453,2532,2024,2320,1875
1953,1295,1384,3123,2079,2306,1604,1646,1188,1681,2648,2032,2074,1670
2526,1118,1353,2789,2023,2114,1592,2636,1034,1504,2790,1984,1878,1570
2346,1193,1409,3493,2197,2206,1747,2440,1182,1602,2433,1834,1838,1438
3206,1222,1417,3608,1937,2254,1651,3020,1080,1412,2237,2046,2043,1472
2919,1224,1767,3141,1973,2355,1770,2716,1111,1634,2115,2810,2034,1686
2768,1080,1605,3407,1993,2569,1705,2478,1302,1741,2200,2555,2326,1970
2382,1138,1440,3267,2169,2700,2489,2106,1174,1921,2127,2362,2076,1910
2252,1157,1708,3592,1979,2568,2547,1958,1184,1761,2938,2341,2135,1892
2378,1025,1566,3891,2317,2867,2599,2145,1062,1708,2667,2742,2710,2154
2085,1199,1342,3620,2537,3352,2267,1887,1235,1912,3449,2440,2465,1912
2246,1083,1698,3833,2408,2981,2179,1944,1119,1994,3079,2060,2933,1888
1976,1099,1572,3579,2356,2669,2285,1708,1043,1894,2583,2276,2821,1827
2102,1259,1461,3053,2428,3269,2465,1920,1425,2468,2164,2215,2770,1919
2414,1123,1771,3064,2353,2927,2173,2277,1315,2524,2528,2269,2383,1797
2233,1264,1600,2826,2088,2483,2094,2073,1198,2578,2368,2704,2906,2009
2447,1137,1861,2916,2288,2619,1968,2145,1032,2803,3084,2743,2564,1773
2162,1450,1665,2761,2421,2768,1936,1881,1477,2560,2771,2378,2879,2044
2149,1540,1939,3241,2134,2989,2179,1965,1364,2370,2879,2044,2543,1824
2005,1361,1979,2893,1886,3640,2144,2039,1180,2242,3484,2258,2609,1714
2177,1395,2054,3329,2266,3250,2070,1999,1257,2348,3292,2654,2421,1681
2564,1232,1854,3941,2171,2750,1799,2369,1115,2052,2986,2364,2490,1765
2282,1397,1737,3585,2095,2950,2115,2114,1235,1782,3790,2152,3237,1550
2230,1258,1672,3217,1811,2968,2010,1981,1099,2278,3402,2630,3314,2013
1919,1438,1616,2966,1967,2605,2017,1687,1239,2154,2883,2889,2938,1927
2111,1294,1652,3869,2229,2724,2201,1915,1477,2078,3852,2537,2800,1829
2368,1144,1528,4049,2131,3086,1942,2231,1332,1792,3510,2145,2500,1577
2173,1332,1339,4049,2275,2730,1849,1993,1311,1799,3869,2345,2615,1700
2500,1352,1727,4037,2379,2814,1827,2039,1144,2027,3393,2068,2422,1761
2223,1290,1594,3892,2319,2846,1880,1777,1468,1801,3954,2240,3270,2505
2159,1256,1365,4054,2529,3845,2617,1876,1344,1852,3574,2704,3930,2897
1930,1094,1231,3746,2837,4045,2953,1981,1149,1794,3400,3252,4062,2562
2077,3108,2188,3189,2504,3720,2617,1917,3293,2004,2908,2903,3732,2198
1832,3897,2063,2666,2120,3160,2202,1657,3934,1772,2434,2447,3173,1989
1663,4055,1771,2226,1782,2631,2244,1399,4062,1507,2025,2047,2653,1704
2625,3875,1501,1866,1503,2205,1959,2575,3850,1277,1697,1716,2209,1449
3801,3318,1271,1562,1271,1849,1660,3791,3291,1077,1424,1443,1850,1219
4036,2779,1085,1323,1083,1558,1403,4034,2749,921,1210,1212,1544,1035
4083,2320,950,1118,926,1314,1194,4082,2291,786,1021,1028,1305,883
4092,1940,928,962,1025,1327,1247,4092,1909,731,872,881,1101,853
4094,1628,1035,1282,1457,1547,1195,4094,1602,1123,1040,1313,1374,940
4094,1378,1123,1529,1606,1550,1095,4094,1348,1057,944,1349,1714,1186
4094,1199,1286,1963,1501,2238,1381,4094,1408,1549,1393,1504,1718,1190
4094,1027,1554,2047,1865,2137,1341,4094,1236,1913,1813,1648,1958,1114
4022,1276,1448,1971,2037,2516,1410,3620,1378,2213,1764,1552,2031,1200
3865,1196,1570,1887,1686,3244,1427,3571,1226,2342,1812,2131,2031,1496
3310,1154,1391,2791,2150,3010,1716,3073,1197,2150,1917,2008,2107,1352
2947,1140,1495,2566,2010,2565,1978,2583,1164,2774,1767,2124,2764,1607
2480,1012,1335,2670,2718,2605,1768,2143,1274,2558,2291,2246,2533,1443
2075,1122,1604,2669,2472,2577,1734,1793,1164,3274,2164,1966,3545,1458
1729,1008,1447,2413,2344,2776,1968,1498,1056,3097,2155,1810,3426,1312
1461,1165,1948,2095,2015,2437,1755,1259,1631,2682,1871,1966,3097,1217
1237,1057,1780,1769,1703,2067,1499,1065,1483,2254,1583,1733,2628,1063
1493,916,1520,1493,1428,1738,1271,1351,1273,1882,1347,1482,2197,907
1349,794,1294,1479,1891,2991,1915,1237,1087,1579,1741,1906,2569,1814
1350,803,1373,2759,2492,3451,2083,1185,919,2074,2753,1947,2987,1734
1178,1363,1505,2850,2263,3179,2070,1022,1372,1909,2545,2334,3415,1622
1003,1290,1342,3233,2779,3146,2158,879,1276,1640,2459,2083,3020,1642
863,1411,1437,3239,2486,3578,2222,746,1496,1587,2536,2541,2965,1798
1366,1257,1565,3168,2494,3392,2386,1162,1345,1378,2204,2316,2936,1589
1146,1289,1610,3300,2798,3308,2242,1084,1530,1338,2808,2947,3263,1635
1497,1136,1701,3068,2645,3414,2145,1444,1364,1166,2607,2748,3433,1860
1368,1213,1772,3715,3567,3595,2256,1327,1377,1267,3797,2470,3305,1657
1736,1344,2447,3417,3518,3595,1981,1647,1465,1303,3648,2971,3465,1566
1832,1384,2277,3372,3032,3111,1679,1773,1295,1587,3127,3105,3905,1351
1924,1625,2077,2912,2680,3898,1685,1733,1536,1985,2616,3256,4057,1756
2210,1461,2008,3193,2784,3613,1883,1925,1368,2033,2421,3080,3550,1605
1966,1645,2252,3360,2648,3240,1838,1705,1474,2748,2309,2636,3092,1495
2057,1410,1996,3891,3182,3296,1909,1834,1296,2500,2909,2468,2598,1493
1805,1322,2423,3571,2843,2899,1816,1610,1427,3364,2621,2557,3091,1603
1867,1249,2178,3974,2555,3001,1581,1642,1307,3077,2657,3107,3038,1579
1648,1647,2360,3503,3181,2614,1621,1437,1570,3343,2543,2997,3021,1427
1786,1502,2497,3063,2860,2639,1717,1605,1406,3056,2649,3265,3880,1406
1583,1750,3034,2575,2417,2705,1602,1535,1692,3433,2653,2858,3598,1386
1674,1607,2971,2637,2035,2833,1655,1503,1524,3021,2303,2407,3058,1480
1898,1383,2566,2307,1711,2476,1643,1710,1312,2545,1941,2013,2550,1312
1693,1171,2158,1950,1442,2092,1434,1524,1114,2125,1628,1680,2717,2522
1858,1001,1809,2326,3189,3694,3562,1643,944,1780,2234,2659,3819,3780
1646,1256,3367,3574,3045,4014,3652,1455,1330,3296,3056,3100,4039,3781
1407,3527,3212,3297,2618,3742,3181,1243,3542,3092,2784,2754,3864,3269
1564,3981,2758,2804,2198,3187,2669,1444,3984,2635,2357,2330,3316,2735
1490,4072,2313,2344,1841,2668,2311,1362,4072,2208,1977,1947,2770,2278
1922,3882,1933,1968,1549,2228,2274,2015,3854,1854,1649,1630,2310,1903
3561,3319,1629,1653,1499,2228,1970,3631,3290,1554,1385,1378,1931,1595
3348,2780,1376,1393,1338,2137,2314,3385,2758,1313,1172,1345,1868,1967
3945,2326,1171,1183,1255,1848,2046,3953,2301,1105,993,1415,1658,1762
4065,1945,996,1010,1261,2166,1748,4066,1915,1017,877,1286,2197,1497
4089,1634,1240,1094,1485,2265,1618,4089,1603,1638,1010,1297,2201,1568
4093,1379,1132,1099,1343,2195,1397,4093,1339,1569,1020,1505,1947,1384
4094,1463,1527,1600,1683,2294,1364,4094,1468,1997,1660,2093,2271,1182
4094,1394,1403,2262,1946,2087,1188,4071,1296,1876,1955,1917,2073,1071
3600,1472,1673,2666,1947,2476,1195,3500,1428,2095,2022,1641,2038,927
3664,1368,1509,2379,2308,2468,1322,3349,1273,1933,2002,1647,2173,1313
3171,1132,1844,2144,3025,2794,1185,2857,1282,2172,2078,1765,2066,1217
2803,963,1787,2144,3378,3834,1506,2401,1123,2196,2507,1867,2405,1220
2370,1184,1735,2856,2989,3526,1386,2001,1203,2120,2789,1679,2315,1068
1978,1102,1524,3276,2766,2999,1686,1674,1068,2296,2777,1875,2380,1223
1658,1106,1724,3054,2686,2859,1526,1405,1224,2238,2901,1655,2762,1208
1411,1083,1537,2606,2550,2455,1434,1189,1103,2254,2530,1408,2455,1054
1197,978,1317,2187,1999,2068,1248,1014,1090,1962,2132,1201,2074,906
1407,853,1124,1835,1655,1728,1068,1295,960,1655,1787,1026,1742,779
1273,738,1085,1732,2355,2740,2056,1189,823,1879,1728,2043,2388,1694
1243,1143,1421,2170,2742,2540,1964,1154,1109,2625,2239,2319,2696,1619
1090,1331,1953,1961,2445,2741,2008,1002,1197,2405,2021,2231,2550,1574
938,1332,1791,2297,2480,2801,2094,866,1091,3095,1879,1947,2769,1970
808,1620,1539,3387,2195,3213,2211,747,1476,3166,2458,2480,2433,1789
1073,1468,2023,3108,2572,3472,2040,1095,1352,3514,2221,2235,2573,1605
991,1569,2012,3242,2306,3417,2225,1018,1660,3403,2097,2671,2642,1372
1432,1397,2140,2820,2265,2944,2070,1466,1490,3317,1859,3022,2454,1525
1409,1428,2131,2658,2109,3215,1816,1521,1780,3690,2395,2666,2262,1361
1570,1257,2969,2280,1963,2831,1787,1600,1885,3255,2388,2255,2310,1505
2046,1345,2588,1917,2168,2967,1554,1916,1605,3796,2489,2070,2622,1337
1878,1432,3160,2217,2150,2851,1857,1722,1839,3782,2157,2305,2319,1334
2166,1278,3480,2026,2145,2454,1673,1890,1635,4032,1910,2036,2127,1172
1934,1801,3792,2174,2204,2691,1768,1667,1660,3819,2494,2583,2589,1368
1838,1661,3916,2584,2389,2801,1567,1630,1456,3587,2258,2547,2319,1476
1586,1425,4059,2444,2317,2851,1408,1406,1442,3104,2335,2206,2594,1377
1812,1218,4087,2095,2104,2929,1408,1440,1256,3291,2075,2202,2487,1385
1621,1523,4093,2015,2149,2791,1579,1263,1450,3087,1993,2333,2439,1325
1869,1542,4094,1968,2442,2457,1515,1476,1417,2703,1724,2253,2649,1404
1882,1340,3859,1809,2178,2237,1443,1664,1200,2266,1661,2377,2472,1240
1813,1417,3294,2185,2263,1910,1483,1558,1576,2062,1475,2283,2111,1435
2045,1253,2757,1966,1982,1702,1373,1762,1433,1749,1259,1975,1774,1293
1818,1078,2303,1674,1669,1456,1189,1577,1223,1481,1280,1667,2518,2366
1615,930,1927,2929,2523,3567,2562,1465,1043,1249,2904,3246,3779,2931
1380,1295,1618,3209,2375,3989,3026,1259,1425,1337,2783,3061,4031,2623
1172,3535,2418,2836,2043,3605,2694,1084,3561,1835,2389,2619,3780,2221
1676,3983,2223,2398,1722,3055,2279,1512,3988,1674,2012,2195,3224,1865
2036,3886,1904,2008,1456,2601,2229,2257,3852,1436,1673,1839,2688,1564
2143,3343,1615,1687,1269,2178,1933,2313,3300,1218,1413,1539,2246,1312
3704,2803,1362,1424,1086,1833,1639,3738,2768,1031,1194,1304,1870,1119
4016,2339,1156,1205,965,1529,1379,4023,2303,883,1001,1100,1566,949
4079,1959,1020,1028,1256,1301,1175,4080,1923,759,1026,938,1326,885
4091,1643,883,1380,1327,1321,1003,4092,1612,788,1242,1202,1118,867
4094,1388,1063,1449,1619,1169,1150,4094,1361,1120,1439,1442,1170,804
4094,1176,1281,1485,2031,1503,1032,4094,1145,1402,1409,1716,1404,907
4033,1225,1547,1562,2291,1598,1066,3805,1144,1274,1511,1980,1491,1056
4082,1351,1436,1652,2855,1584,1088,4037,1259,1440,2020,2016,1772,1116
3699,1209,1656,1984,3023,1864,1112,3615,1119,1280,2172,2788,1736,1004
3849,1269,1481,2312,2927,1764,1270,3503,1293,1440,2072,2533,1871,1156
3453,1128,1912,2772,2521,2104,1227,3003,1167,1280,2096,2372,1794,1270
3034,1152,1935,2763,3402,2225,1433,2513,1104,1272,1955,2764,2023,1357
2564,1066,1814,2553,3082,2015,1298,2092,1056,1369,1908,2452,1798,1330
2147,1163,1566,2790,2948,2095,1452,1760,1000,1939,2379,2208,1960,1416
1804,1044,2047,3695,3048,2011,1301,1480,994,1711,2789,2337,2288,1380
1516,1396,1862,3343,2654,1755,1464,1248,1157,1455,2479,2045,1896,1204
1281,1282,1596,2826,2238,1494,1319,1057,1035,1232,2098,1739,1587,1032
1405,1110,1356,2370,1878,1267,1447,1218,895,1051,1746,1460,1328,888
1254,954,1578,2128,3052,2335,2067,1093,775,1763,1883,2200,2157,1629
1226,1061,2143,1812,2904,2316,1899,1065,803,1651,1657,2153,2388,1540
1079,1264,1959,1945,2490,2649,2243,940,1091,2246,1795,1906,2436,1548
933,1184,1776,2139,2921,2383,2057,810,1175,2050,2064,2316,2124,1526
807,1481,2180,1990,2608,2396,2499,695,1403,2026,2212,2083,2108,1790
1041,1373,2216,1738,2208,2296,2236,1011,1267,1761,1952,2116,1932,1598
1066,1450,2473,2144,2236,2228,1909,1158,1492,2034,1928,2980,2031,1363
1435,1399,2462,2407,2694,2150,1712,1416,1343,1934,1708,3272,2525,1426
1858,1270,3164,2419,2408,2118,2004,1806,1458,1730,1497,2907,2257,1262
1690,1285,3004,2309,2788,2222,1924,1634,1498,1838,1338,2579,2447,1520
2048,1428,2719,1988,2530,2519,1768,1856,1321,1616,1229,2648,2244,1380
1840,1436,2897,1776,2830,3585,1618,1656,1563,1984,1407,3051,3398,1656
1859,1264,2536,1876,2986,3274,1530,1600,1531,2243,1743,2834,3119,1492
1628,2138,2255,2208,2612,3252,1666,1388,2227,2542,1943,2869,2977,1457
1732,2420,1916,1980,2827,2927,1530,1504,3123,3258,1720,2648,3125,1637
1532,2605,1980,2107,2484,2905,1562,1336,3191,3138,2299,3164,2734,1454
1578,2961,2775,2367,2807,2959,1508,1365,3255,2692,2088,2819,2296,1358
1805,2745,2555,2190,2750,2570,1427,1639,2817,3140,2183,2452,2544,1153
1752,2438,2747,2304,2791,2484,1547,1477,2361,2787,2340,2412,2246,1349
2088,2066,2410,2398,2859,2141,1375,1891,1980,2643,2039,2575,2386,1261
1872,1740,2411,2102,2475,1809,1403,1655,1659,2343,2016,2260,2082,1212
1911,1468,2093,1769,2099,1602,1233,1692,1387,1989,1745,2072,1770,1056
1668,1241,1773,1501,1764,1371,1064,1484,1179,1666,1510,1836,2678,2340
1644,1062,1518,3017,2974,3550,3488,1503,1000,1620,2826,3057,3811,3744
1435,1324,2900,2858,2761,3986,3763,1327,1448,3188,2659,2846,4038,3602
1224,3540,2739,2447,2369,3571,3295,1129,3565,3011,2281,2422,3854,3085
1740,3984,2354,2063,1996,3012,2776,1686,3989,2574,1921,2043,3294,2595
2116,4072,1978,1732,1675,2526,2524,2196,4073,2156,1604,1703,2754,2166
1942,3589,1663,1460,1451,2790,2138,2012,3599,1808,1356,1427,2391,1806
3359,3027,1403,1240,1413,2459,2546,3469,3031,1518,1140,1355,2381,2329
3947,2527,1187,1053,1491,2254,2275,3969,2531,1282,962,1545,2331,2101
4065,2107,1018,985,1322,2517,1939,4069,2112,1084,826,1605,2355,1787
4089,1769,921,1105,1353,2277,1649,4089,1770,916,937,1445,2039,1507
4093,1491,1157,1337,1693,2096,1730,4093,1486,887,1333,1883,1931,1710
4094,1648,1121,1552,1841,2021,1532,4094,1569,840,1361,1720,1952,1533
3820,1490,1181,1900,2473,1752,1382,3749,1381,1414,1833,2270,1707,1305
4040,1910,1783,2165,2684,1992,1310,4001,1793,1339,1864,2055,2065,1168
4084,1733,1655,1986,2364,2160,1210,3861,1628,1514,1636,2406,1847,1007
3746,1481,1871,2085,2595,1979,1250,3357,1392,1458,1389,2750,1763,1144
3292,1261,1664,2500,2330,1698,1222,2810,1320,1273,1307,3036,1596,1028
2785,1201,2248,2966,2057,1868,1360,2345,1253,1517,1267,2782,1936,980
2330,1253,2352,3132,2864,1910,1432,1955,1241,1362,1487,2804,1746,1165
1954,1305,2301,3053,3327,1997,1464,1642,1305,1264,1331,2582,1755,1109
1643,1220,1985,3184,3205,2065,1405,1382,1301,1255,1586,2640,2041,1509
1386,1060,2326,2896,3085,2105,1390,1167,1136,1602,1721,2953,2030,1381
1174,1848,2129,2495,2656,2113,1262,991,1731,1558,1683,2601,1944,1293
1648,1745,2701,2556,2903,2605,2411,1421,1605,1802,1795,2627,2233,2541
1529,1808,2436,2769,2555,3758,2342,1313,1724,1925,2640,2309,3722,2405
1760,1910,2372,2545,2263,3438,2065,1629,2001,2444,2421,2343,3578,2065
1575,1945,2300,2665,2775,2920,1970,1464,2314,2356,2062,2656,3058,1743
1628,1698,2473,2613,2491,2436,1755,1416,2049,2368,1896,2780,2565,1656
1976,1619,2155,2869,2989,2240,1618,1859,1745,2100,2107,2853,2499,1537
1922,2403,2327,3256,2667,1917,1542,1738,2317,2620,2067,2594,2156,1324
2246,2215,2387,2886,2808,2317,1786,2020,2093,2355,2344,2670,2219,1474
2016,1895,2187,2441,2459,2081,1706,1802,1790,2791,2072,2409,2160,1321
2092,1803,2201,2200,2482,2906,1809,1882,1504,2784,1898,2241,2315,1362
2203,1563,2919,2274,2499,2649,1716,2258,1268,2400,1629,1921,2070,1490
2080,2354,2866,2002,2632,2292,1492,2054,1335,2567,1877,1701,2231,1328
2468,2173,2468,1697,2456,2208,1436,2233,1216,2240,2352,2245,2303,1315
2206,1862,2090,1904,2476,2383,1292,1969,1047,1886,2568,2128,2019,1211
2434,1575,2282,1694,2520,2295,1464,2303,1063,2195,2974,2261,2439,1544
2412,1484,2989,1947,2615,2095,1592,2523,1077,1930,2630,2247,2501,1563
2337,1461,2974,2202,2320,1847,1414,2239,1561,2424,2906,2523,2185,1368
2119,1545,2574,2849,2195,2299,1578,2138,1443,2188,2558,2231,2193,1498
1812,1367,2684,2821,2327,2284,1528,2282,1248,2038,2877,2033,2626,1537
2240,1378,2358,2438,2275,2119,1333,2358,1117,1751,2538,2472,2350,1353
2448,1213,2078,2829,2395,2135,1703,2602,1689,1909,2670,2202,2179,1339
2156,1546,2075,2863,2158,2019,1551,2301,1561,2653,2331,2256,2247,1195
2017,1467,1805,2532,2272,2069,1332,2227,1581,2421,2187,2492,2427,1217
2223,1267,2820,3155,2404,1916,1354,2501,1521,2054,2271,2200,3013,2064
1963,1091,2610,3616,3756,3659,2870,2216,1324,2428,3261,3716,3878,2521
1727,1943,2935,3999,3494,3671,2959,2087,2452,2793,2990,3810,4051,2437
2063,3664,2602,3709,2969,3170,2579,2265,3766,2481,2528,3321,3804,2104
1851,4008,2198,3154,2501,2667,2176,1993,4029,2099,2121,2771,3237,2080
2801,3788,1853,2645,2093,2374,2033,2673,3817,1766,1778,2302,2705,1798
2589,3236,1560,2209,1753,2010,1750,2471,3256,1486,1490,1926,2249,1523
3793,2712,1319,1853,1477,1694,1486,3770,2728,1258,1254,1610,1884,1281
4034,2264,1120,1556,1249,1426,1251,4030,2271,1058,1053,1462,1573,1081
4082,1896,959,1318,1423,1210,1069,4082,1897,1008,897,1309,1449,924
4092,1584,826,1118,1571,1319,913,4092,1585,991,1057,1785,1520,863
4094,1348,989,1476,1531,1283,1165,3846,1331,1015,1343,1850,1438,895
4094,1348,909,1508,1936,1901,1191,4045,1200,980,1585,2019,1607,1023
3941,1286,1000,1324,1751,1761,1277,4085,1109,988,1425,2488,1714,1084
4064,1119,1056,1690,1772,2046,1433,4015,1098,1046,1541,2532,2193,1396
4053,1183,1214,1537,1834,1817,1283,3458,1291,1102,1365,2546,2093,1277
3489,1058,1094,1653,1943,2097,1242,2894,1190,1299,1519,2802,2468,1152
2924,1262,1328,1702,1780,2175,1306,2463,1295,1173,1354,2458,2657,1623
2441,1249,1204,1939,1692,2061,1332,2015,1219,1293,1859,2154,2459,1499
2043,1459,1272,1740,1915,2465,1400,1684,1522,1175,1703,2618,2727,1367
1714,1315,1128,1727,1739,2605,1574,1415,1380,1680,1459,2333,3153,1823
1469,1747,1452,1548,1856,2280,1538,1451,1626,1555,1597,2138,2786,1699
1726,1598,1420,2036,1977,2412,1569,1718,1458,1346,2149,2337,3453,1636
1769,1749,1259,1847,1741,2365,1622,1622,1561,1176,2021,2174,3081,1415
1838,1553,1450,1907,1474,2046,1430,1568,1392,1009,2196,1866,2903,1203
1614,1328,1329,1788,2059,2559,1519,1354,1181,1694,1948,2698,2836,1363
1378,1331,1515,1726,2001,3049,1414,1150,1243,1587,1637,2474,2447,1634
1174,1171,1406,1653,1973,2627,1482,987,1160,1468,1629,2100,2705,1469
1002,1289,2054,1795,1958,2260,1662,847,1405,1452,2065,2453,2935,1979
881,1580,1893,1732,2120,2056,1486,801,1557,1268,1868,2189,2577,1680
770,1434,1733,1608,1966,2255,1534,710,1376,1536,1707,2315,2220,1419
670,1434,2227,1386,1724,2287,1602,632,1285,1665,1457,2187,2743,1479
589,1613,2023,1936,1828,2040,1430,544,1568,1522,2076,2108,2449,1313
707,1442,1832,1772,2626,2379,1596,611,1414,1543,1924,2188,2408,1262
652,1464,1572,1529,2538,3025,1621,561,1367,1353,1624,1916,2447,1354
587,1562,1852,1619,2187,2729,1689,505,1520,1258,1368,1669,2125,1206
822,1383,1663,1434,1930,2325,1683,738,1357,1089,1156,1863,2294,1549
778,1187,1425,1764,2533,2558,1471,693,1158,1672,1793,2655,2122,1527
748,1447,1372,1764,2299,2573,1588,729,1388,1550,1597,2430,2398,1797
665,1698,1348,1670,2187,2912,1924,657,1527,1330,1359,2292,2674,1936
587,2081,1506,1710,2054,2578,1812,582,1681,1348,1444,3223,2360,1708
608,1876,1485,1505,2442,2605,1622,514,1747,1418,1820,2944,2978,1923
583,1657,1408,1714,2186,2797,1932,449,1531,1282,1640,2924,2966,1863
528,1955,1598,1553,2105,2456,1897,406,1607,1153,1611,2528,2764,1614
586,1755,1648,1618,2521,2353,1839,586,1417,1336,1407,2528,2521,1930
548,1887,1653,1669,2249,2673,1909,542,1614,1607,1395,2188,2668,1754
684,1719,1625,1505,2851,2369,1832,704,1636,1435,1528,2024,2954,1744
820,1610,1651,1401,2751,2447,2617,660,1523,1417,1512,2082,3866,2808
609,1566,2374,2901,3826,3765,3799,592,1496,2296,2977,3692,4049,3713
606,3273,3750,3106,3899,4029,3671,544,3531,3735,2817,3841,4085,3347
922,3930,3574,2721,3380,3750,3154,951,3982,3636,2413,3338,3884,2832
1093,4062,3056,2301,2837,3206,2642,1067,4072,3124,2024,2800,3318,2369
2216,4086,2568,1931,2373,2687,2322,2151,4090,2611,1692,2335,2774,1973
3200,3534,2146,1612,1983,2434,1982,3554,3674,2181,1416,1950,2306,1889
3796,2977,1796,1370,1667,2075,2410,3968,3070,1821,1204,1631,2117,2428
